*Step  = 0
*Time  = 0
*Data  = sx;sy;sz;sxy;syz;sxz
265,0,0,0,0,0,0
266,0,0,0,0,0,0
267,0,0,0,0,0,0
268,0,0,0,0,0,0
269,0,0,0,0,0,0
270,0,0,0,0,0,0
271,0,0,0,0,0,0
272,0,0,0,0,0,0
273,0,0,0,0,0,0
274,0,0,0,0,0,0
275,0,0,0,0,0,0
276,0,0,0,0,0,0
277,0,0,0,0,0,0
278,0,0,0,0,0,0
279,0,0,0,0,0,0
280,0,0,0,0,0,0
281,0,0,0,0,0,0
282,0,0,0,0,0,0
283,0,0,0,0,0,0
284,0,0,0,0,0,0
285,0,0,0,0,0,0
286,0,0,0,0,0,0
287,0,0,0,0,0,0
288,0,0,0,0,0,0
289,0,0,0,0,0,0
290,0,0,0,0,0,0
291,0,0,0,0,0,0
292,0,0,0,0,0,0
293,0,0,0,0,0,0
294,0,0,0,0,0,0
295,0,0,0,0,0,0
296,0,0,0,0,0,0
297,0,0,0,0,0,0
298,0,0,0,0,0,0
299,0,0,0,0,0,0
300,0,0,0,0,0,0
301,0,0,0,0,0,0
302,0,0,0,0,0,0
303,0,0,0,0,0,0
304,0,0,0,0,0,0
305,0,0,0,0,0,0
306,0,0,0,0,0,0
307,0,0,0,0,0,0
308,0,0,0,0,0,0
309,0,0,0,0,0,0
310,0,0,0,0,0,0
311,0,0,0,0,0,0
312,0,0,0,0,0,0
313,0,0,0,0,0,0
314,0,0,0,0,0,0
315,0,0,0,0,0,0
316,0,0,0,0,0,0
317,0,0,0,0,0,0
318,0,0,0,0,0,0
319,0,0,0,0,0,0
320,0,0,0,0,0,0
321,0,0,0,0,0,0
322,0,0,0,0,0,0
323,0,0,0,0,0,0
324,0,0,0,0,0,0
325,0,0,0,0,0,0
326,0,0,0,0,0,0
327,0,0,0,0,0,0
328,0,0,0,0,0,0
329,0,0,0,0,0,0
330,0,0,0,0,0,0
331,0,0,0,0,0,0
332,0,0,0,0,0,0
333,0,0,0,0,0,0
334,0,0,0,0,0,0
335,0,0,0,0,0,0
336,0,0,0,0,0,0
337,0,0,0,0,0,0
338,0,0,0,0,0,0
339,0,0,0,0,0,0
340,0,0,0,0,0,0
341,0,0,0,0,0,0
342,0,0,0,0,0,0
343,0,0,0,0,0,0
344,0,0,0,0,0,0
345,0,0,0,0,0,0
346,0,0,0,0,0,0
347,0,0,0,0,0,0
348,0,0,0,0,0,0
349,0,0,0,0,0,0
350,0,0,0,0,0,0
351,0,0,0,0,0,0
352,0,0,0,0,0,0
353,0,0,0,0,0,0
354,0,0,0,0,0,0
355,0,0,0,0,0,0
356,0,0,0,0,0,0
357,0,0,0,0,0,0
358,0,0,0,0,0,0
359,0,0,0,0,0,0
360,0,0,0,0,0,0
361,0,0,0,0,0,0
362,0,0,0,0,0,0
363,0,0,0,0,0,0
364,0,0,0,0,0,0
365,0,0,0,0,0,0
366,0,0,0,0,0,0
367,0,0,0,0,0,0
368,0,0,0,0,0,0
369,0,0,0,0,0,0
370,0,0,0,0,0,0
371,0,0,0,0,0,0
372,0,0,0,0,0,0
373,0,0,0,0,0,0
374,0,0,0,0,0,0
375,0,0,0,0,0,0
376,0,0,0,0,0,0
377,0,0,0,0,0,0
378,0,0,0,0,0,0
379,0,0,0,0,0,0
380,0,0,0,0,0,0
381,0,0,0,0,0,0
382,0,0,0,0,0,0
383,0,0,0,0,0,0
384,0,0,0,0,0,0
385,0,0,0,0,0,0
386,0,0,0,0,0,0
387,0,0,0,0,0,0
388,0,0,0,0,0,0
389,0,0,0,0,0,0
390,0,0,0,0,0,0
391,0,0,0,0,0,0
392,0,0,0,0,0,0
393,0,0,0,0,0,0
394,0,0,0,0,0,0
395,0,0,0,0,0,0
396,0,0,0,0,0,0
397,0,0,0,0,0,0
398,0,0,0,0,0,0
399,0,0,0,0,0,0
400,0,0,0,0,0,0
401,0,0,0,0,0,0
402,0,0,0,0,0,0
403,0,0,0,0,0,0
404,0,0,0,0,0,0
405,0,0,0,0,0,0
406,0,0,0,0,0,0
407,0,0,0,0,0,0
408,0,0,0,0,0,0
*Step  = 1
*Time  = 0.1
*Data  = sx;sy;sz;sxy;syz;sxz
265,0.00047669250584,0.00110473639409,0.000547846568262,-3.04716852967e-05,-0.000163675890496,-0.000462708569254
266,0.000567348535649,0.00099810678187,0.000565762890456,-0.00011338800707,-0.000262232100503,-0.000429686529817
267,0.000687934360635,0.000883933787487,0.000614871683512,-0.000158546027622,-0.000342301287055,-0.000368830221518
268,0.000799187645186,0.000783769520063,0.000639143612438,-0.000153029032219,-0.000412504042354,-0.000284316405833
269,0.000884779289659,0.0007045036891,0.000648251317618,-0.000104827792321,-0.000464995375579,-0.000183888866259
270,0.000930336438583,0.00065868144267,0.000648110881843,-2.56187328066e-05,-0.000494659384754,-7.32330509821e-05
271,0.000927617633962,0.000654930013743,0.00063894210718,6.9805022717e-05,-0.000499412870879,3.99910613956e-05
272,0.000874396384624,0.000697729321426,0.000615019315094,0.000164123681788,-0.000480852035706,0.000148274824183
273,0.000773333703351,0.000792240898098,0.000565838944473,0.000243276757952,-0.000441930477335,0.000241003694329
274,0.000660248177892,0.000921532181159,0.000548040469693,0.00028730145433,-0.000373096151224,0.000318864989063
275,0.000696976846508,0.000896685802888,0.000395800037063,0.00022941702827,-0.00025549636286,0.000454495045516
276,0.000737820357497,0.00100537840552,0.00032794980035,2.85903838274e-05,-0.000136311991354,0.000562385907049
277,0.000772096614568,0.00111697473304,0.000390552076086,-0.000110650708399,1.36466227858e-05,0.000578522516141
278,0.000810496633131,0.00108298583054,0.000343065783135,-0.00021689126003,0.000174723499744,0.000541464629443
279,0.000913248292938,0.000979080020967,0.000316821564111,-0.000284455526013,0.000317413504365,0.000467223997032
280,0.00104425885399,0.000841360506351,0.000302169505584,-0.000284586770704,0.000433417335624,0.000356842778329
281,0.0011654467098,0.000717732655897,0.000296900891838,-0.00021257425655,0.00051465648338,0.000220102506909
282,0.00123784599067,0.00064587575509,0.000297288405822,-8.76033474039e-05,0.00055568102067,6.67710147466e-05
283,0.0012399865095,0.000645810312482,0.000302479404443,5.44630660968e-05,0.000553655260917,-9.22653324154e-05
284,0.0011759928739,0.000716442002999,0.000316991823087,0.000170736171709,0.000508446545271,-0.000245890378753
285,0.00106627805258,0.000826916778425,0.000342938082663,0.000226396175282,0.000422034803441,-0.000381585829812
286,0.000953817941132,0.00093454921216,0.000390197779012,0.00020461827203,0.000301076099458,-0.000494244513345
287,0.00077993283679,0.000963167425945,0.000327885129692,0.000101520334191,0.000163149229831,-0.00055523200423
288,0.000547911372526,0.00104491964997,0.000395368563817,-2.82341026927e-05,5.98322920419e-06,-0.000521376190495
289,0.000421927433539,0.00105505507748,0.000725559204642,-1.5245646863e-06,-0.000183262108066,-0.000397175958841
290,0.000522274767869,0.000930364710162,0.00076000674012,-9.37127593605e-05,-0.000245577142067,-0.000367850753745
291,0.000674640033704,0.000855931182939,0.000834433431102,-0.000147940956875,-0.000298034220215,-0.000312697018522
292,0.000784171752986,0.000760389768808,0.000846282760146,-0.000149151019423,-0.000353926960232,-0.000241621595018
293,0.000872053851283,0.000685817618537,0.00085295269846,-0.000105226980681,-0.000397404453072,-0.000156619619667
294,0.000916595005253,0.00064122845049,0.000852910111777,-2.80210435372e-05,-0.000422488344442,-6.30622800261e-05
295,0.000907462854707,0.000637256183592,0.000846346661802,6.4258190974e-05,-0.000427337683522,3.23044901754e-05
296,0.000847959319759,0.000682324766548,0.000834309210041,0.000152455860571,-0.000414447157048,0.000121806090635
297,0.000705729958831,0.000747387279463,0.000760274850465,0.000223602487354,-0.000396583224173,0.000195791774469
298,0.000581372424202,0.000895301531867,0.000725484191069,0.000274972481399,-0.00035728502054,0.000252326830241
299,0.0006442725708,0.000823233577903,0.00049549581162,0.00022453644653,-0.000243392760534,0.000454229544393
300,0.000702478982275,0.000978540306416,0.000401851862716,-5.29691513235e-06,-0.000172592336271,0.000587852529794
301,0.000771082511337,0.0011641808963,0.000504026888178,-0.000128579868184,3.72053248525e-06,0.000588908620585
302,0.000760491813945,0.00106687883564,0.000409508115819,-0.000228371848695,0.000179739510305,0.000556255734567
303,0.00087133619772,0.000954174583143,0.000398149848541,-0.000291387152591,0.000326649433365,0.000478049284644
304,0.00100316699292,0.000807100586501,0.000386652213081,-0.00028722164744,0.000444952665731,0.000364880621045
305,0.00112600823154,0.000681973310887,0.000384548359138,-0.00021251219347,0.000527570688395,0.000225210038113
306,0.00119931218139,0.000609211957759,0.000384885039846,-8.603647679e-05,0.000569424373384,6.87844106444e-05
307,0.00120331233406,0.000607823325903,0.000387206516475,5.8750351635e-05,0.000567668228167,-9.34607031777e-05
308,0.00114432393623,0.000681152364075,0.000398188095586,0.000181605627403,0.000521862552011,-0.00025063431665
309,0.00103508707512,0.000792756774458,0.000409736856905,0.000246851045044,0.000433779850895,-0.000391874332774
310,0.000980117031187,0.00095387320465,0.000503438962564,0.000234422493065,0.000297672745034,-0.000508191264516
311,0.0007757110782,0.000904445178172,0.000401456020654,0.000122104767431,0.000144464368769,-0.000595422812264
312,0.000494524351727,0.000972783439075,0.000495343422917,-3.47642018075e-05,1.6333542247e-05,-0.000515094385227
313,0.000306692035869,0.000828478812234,0.000887829526899,6.8928956136e-05,-0.000161803039782,-0.000251766578084
314,0.000635779523599,0.000992807539979,0.0011688128105,-8.08991748734e-05,-0.000166925843738,-0.000235949591527
315,0.000690812891386,0.000852120212321,0.00112258941911,-0.000145758115643,-0.000192149963741,-0.000194885613666
316,0.000821172938085,0.000785582042438,0.00114592666086,-0.000153727906742,-0.000224535101091,-0.000149488932862
317,0.000903335500583,0.000701466414206,0.0011408229159,-0.000111329374269,-0.000249595277467,-9.71339348797e-05
318,0.000949458655039,0.000655699068687,0.00114098439702,-3.176210749e-05,-0.0002647317541,-4.06641576616e-05
319,0.000945445280729,0.0006613830579,0.00114595664026,6.144182818e-05,-0.000269206111386,1.72026250957e-05
320,0.000857322723899,0.000685493669543,0.0011225481207,0.000142725040597,-0.000263849984089,7.2711343255e-05
321,0.000795217297575,0.000833589550207,0.00116895361977,0.000195067898298,-0.000262535830982,0.000120881581451
322,0.000377236134287,0.000757521022219,0.000887710379946,0.00019150267999,-0.000266008562055,0.000137141222432
323,0.000474146581061,0.000737915921361,0.000560376156518,0.000157318379115,-0.000173276822031,0.000460791544885
324,0.00077995564152,0.00123301469343,0.000607680976105,-4.399918345e-05,-0.000210841848402,0.00063006615833
325,0.000636181125201,0.00111225599572,0.000478960378517,-0.000122764175296,1.32926308349e-05,0.000588186267054
326,0.000717268863872,0.00106464230673,0.000502615477326,-0.000228552293152,0.000186028219572,0.000562311152058
327,0.000817557373121,0.000916610127996,0.00048255437983,-0.000292555335946,0.000331065005174,0.000480310012419
328,0.000956543223847,0.000769033938277,0.000480323878132,-0.00028595283783,0.000449528192904,0.000366861279047
329,0.0010778253463,0.000642166804351,0.000478957903624,-0.00021008587152,0.000532050286083,0.000226540532196
330,0.00115125423782,0.000569490112653,0.000479360422349,-8.36190437756e-05,0.000573976354685,6.98577780989e-05
331,0.00115780386391,0.00056869433349,0.000480845748996,6.18188793701e-05,0.000572626144985,-9.28943173765e-05
332,0.00109571490069,0.000638564556777,0.000482629253339,0.00018923359208,0.000526818142114,-0.000250378954142
333,0.00100244345818,0.000780305091445,0.000502995771193,0.000264725050498,0.000442267710427,-0.000393954137814
334,0.000860963614202,0.000886273207681,0.000478419229352,0.000267435443649,0.000305610356799,-0.000502762886817
335,0.000930467952075,0.00108060015816,0.000606806727686,0.000218087324658,0.000132423827303,-0.000651114481304
336,0.000404324531744,0.000808624459951,0.000560741068662,3.56029027833e-05,8.03229652114e-05,-0.000485711895471
337,0.00189508716727,0.00238744960525,0.0028457433033,-2.4679373166e-05,-5.6480909875e-05,-0.000637234276308
338,0.00243100002047,0.00279347400684,0.00335034753216,-0.000128974899694,-0.000251014161027,-0.000577302230317
339,0.00245060089096,0.00259881050468,0.0032681347124,-0.000209517868123,-0.000389901558048,-0.000494013912437
340,0.00259472562924,0.00248857291344,0.00327917702964,-0.000217194553525,-0.000501548196702,-0.000380661711973
341,0.00268586341088,0.00236925884326,0.00326176321413,-0.00015949110875,-0.000582199237442,-0.000240443626654
342,0.00274483873219,0.00231029030265,0.00326176736032,-5.73496571222e-05,-0.000624421324106,-8.28688540612e-05
343,0.00275627839086,0.00232701098222,0.00327917482003,6.26319389972e-05,-0.000624684349729,7.88884862927e-05
344,0.00266910768902,0.00238032183566,0.0032681462248,0.000168937526817,-0.000584672012012,0.000232877062377
345,0.0026332821287,0.00259113860812,0.00335032619161,0.000221446172596,-0.000506036456529,0.000374450875008
346,0.00203971294921,0.00224315280716,0.00284588566069,0.000225525098385,-0.00036753359366,0.000523612821136
347,0.00151908661223,0.00146250795373,0.00161884427814,0.000291301282346,1.1953636516e-05,0.000716805586788
348,0.00134628104953,0.00174526899576,0.00119329292893,3.88008800579e-05,-8.50381637494e-05,0.000625379085651
349,0.000542906127289,0.0010801891354,0.000546953892707,-0.000105003742226,3.63036007738e-05,0.000591910583059
350,0.000667833637228,0.0010330837426,0.000593388065785,-0.000227616532774,0.000185883066119,0.000555392134987
351,0.000763294879716,0.000875003358501,0.000577275741312,-0.000289641091951,0.000330016030929,0.000473932368099
352,0.000906503073551,0.000729527523073,0.000582735302024,-0.000281504752342,0.000445850065309,0.00036128534904
353,0.00102383277313,0.000600380995143,0.000580758739007,-0.00020581504777,0.000526560440625,0.00022345447352
354,0.00109663289547,0.000528343876872,0.000581140784031,-8.04599635726e-05,0.000567684279946,6.97808880896e-05
355,0.00110656771207,0.000530372753588,0.000583200108514,6.41620685063e-05,0.000566658159416,-8.99093450645e-05
356,0.00104213264163,0.000596271549188,0.000577319274441,0.000193259498551,0.000522714759832,-0.000245393770009
357,0.000956687982565,0.000745072942058,0.00059378262298,0.000271993088381,0.000438681854808,-0.00038803849557
358,0.000767848264582,0.000854558956727,0.000546677314484,0.000285069703713,0.000327420406813,-0.000494468790511
359,0.00141147982122,0.001678013873,0.00119234022387,0.000153259931746,0.000239040490539,-0.000584143917584
360,0.00125312754282,0.00172938913307,0.00161929332809,-0.000170130533107,0.000368758041703,-0.000614816957694
361,0.0017909636136,0.00205672685652,0.00226495559772,4.01855385407e-05,-9.03572768869e-05,-0.00105009497481
362,0.00174243339659,0.00189371116479,0.00224122502714,-3.89842058017e-05,-0.000382950228545,-0.000954357120644
363,0.00191189749627,0.00197110109665,0.00236412196678,-7.5258994085e-05,-0.000627318530214,-0.000816367213011
364,0.00196264719984,0.00192327803908,0.00236100900557,-8.31371944628e-05,-0.000819756466469,-0.000626156655131
365,0.00200538800173,0.00188174533146,0.002357448912,-6.2403871066e-05,-0.000954811517847,-0.000394660706827
366,0.0020285244578,0.00185861746062,0.0023574539131,-2.23370313009e-05,-0.001024221119,-0.000135620216892
367,0.00202479157883,0.00186111239796,0.00236099990487,2.45221224113e-05,-0.00102300745518,0.000132388748051
368,0.00199188360602,0.00189113615916,0.00236413521212,6.32660864876e-05,-0.000951456321794,0.000393335783926
369,0.00181402560186,0.00182215576463,0.00224124485533,8.49966525365e-05,-0.000808821571317,0.000635021977853
370,0.00182265136416,0.0020251350562,0.00226499664518,9.49769144724e-05,-0.000603303022948,0.000864225693807
371,0.00137647041979,0.0014007403335,0.00147150356772,0.000175072743157,-0.000118054676445,0.000849086864797
372,0.000661767223614,0.00104504945165,0.000734846174244,-1.05940077085e-05,-6.17119562464e-05,0.000581834679666
373,0.000762820110617,0.0012809048017,0.00089076744193,-8.29708646324e-05,5.65780281557e-05,0.000576423931408
374,0.000618807604746,0.00100247657893,0.000704294421282,-0.00021695486815,0.00018986475471,0.000531771100062
375,0.000726062913076,0.000848066376286,0.000696646674058,-0.000282312359268,0.000322634222562,0.000455381895796
376,0.000850630732247,0.000684549317237,0.000689420472919,-0.000274563237093,0.000431531185376,0.000346837535962
377,0.000969070731237,0.000560560411608,0.000692091367048,-0.000199904997109,0.000508223589077,0.000214929011378
378,0.00104045454775,0.000489851266784,0.00069240939376,-7.6946183854e-05,0.000547548861559,6.79881670292e-05
379,0.00104741935595,0.000488640434127,0.000689838919605,6.53962685633e-05,0.00054704298459,-8.45732434623e-05
380,0.00100140932098,0.000573376172783,0.000696956282307,0.000194059651624,0.000507054954357,-0.000233014820321
381,0.000902659312201,0.000718750636826,0.000704344506704,0.00027463282887,0.000430326886652,-0.000365572779963
382,0.000963901198675,0.00107917820159,0.000890505081199,0.00026574071138,0.000337236427546,-0.000470909623544
383,0.000766127149112,0.000939282630222,0.000734216048622,0.000171181128309,0.000237473240035,-0.000534766319217
384,0.00123120701291,0.00154655477819,0.00147177855763,-7.70168528921e-05,0.000322290103234,-0.000794378774845
385,0.00148930531065,0.0016792637913,0.00186171672067,3.02310455634e-05,-0.000112697853162,-0.00115540275146
386,0.00159074149748,0.00169861568051,0.00198324605534,-2.99118478551e-05,-0.000422199606887,-0.00106408572193
387,0.00165459200672,0.00168966988415,0.00201202296653,-5.97663827005e-05,-0.000694714752685,-0.000912994854579
388,0.00171196115396,0.00167508307975,0.00202704161235,-6.64112320417e-05,-0.000912510367528,-0.00069989666442
389,0.0017505861851,0.00164630128209,0.00202686096648,-5.17059922152e-05,-0.00106441614781,-0.000440378701892
390,0.00176928496349,0.00162758677144,0.00202685383676,-1.93030602856e-05,-0.00114200032795,-0.00015082943722
391,0.00176024394846,0.00162677990559,0.00202703280984,1.72359983684e-05,-0.00114020458669,0.000149873641888
392,0.00171515721105,0.00162918060511,0.00201206381998,4.50709313366e-05,-0.00105813674786,0.000443319698629
393,0.00164359190757,0.00164572897953,0.00198323115481,6.16632759535e-05,-0.000897675344437,0.000710425986206
394,0.00151063003643,0.00165796830174,0.00186173386408,6.71344000055e-05,-0.000675300544363,0.000944258361275
395,0.00120924207891,0.00129183388135,0.00139122266444,0.000140910144532,-0.000195324078599,0.000849906058418
396,0.000733832677158,0.00115347074393,0.000972715044601,8.7028120359e-06,-5.96288095254e-05,0.000548891231306
397,0.000613637493179,0.00111602204548,0.000888742017988,-7.64374209359e-05,6.30838687642e-05,0.000541279240707
398,0.000609554464861,0.000989444549103,0.000850361645377,-0.000201644376799,0.000186320770371,0.000491012110537
399,0.000687972170893,0.000816149974239,0.000823392277458,-0.000270399509106,0.000304849856718,0.000419807468557
400,0.000806971877804,0.000652481733187,0.000815230518256,-0.000264956125014,0.000402367311519,0.000320136234308
401,0.00091827927374,0.000526681602333,0.000814552791956,-0.000192710300136,0.000472063059043,0.000198890529201
402,0.000987709292683,0.000458015763309,0.000814903240873,-7.32211229166e-05,0.000508223282599,6.37871806075e-05
403,0.000998366767364,0.000462026250092,0.000815657936249,6.56197348393e-05,0.000508447089566,-7.60283866412e-05
404,0.000954240322888,0.000549929441534,0.000823399495028,0.000190763745195,0.000473867191639,-0.000211096722938
405,0.000879361554627,0.000720071339356,0.000850575703472,0.000265334518866,0.00040687907527,-0.000332045341153
406,0.000805077702296,0.000923845011258,0.0008884306124,0.000255688032962,0.00032529849285,-0.000437213879377
407,0.000830884822747,0.00105567994893,0.000972402415851,0.000177297719814,0.000222810673107,-0.000505188215748
408,0.00110795939956,0.001393277936,0.00139130991605,-3.46906161997e-05,0.000255786507022,-0.000833719912474
*Step  = 2
*Time  = 0.2
*Data  = sx;sy;sz;sxy;syz;sxz
265,0.000942901939193,0.00221616981005,0.00109787719249,-6.25902669158e-05,-0.000325536884761,-0.000924308127723
266,0.00112650260098,0.00200115385117,0.00113553663465,-0.000230867785871,-0.000525333197471,-0.000859668298266
267,0.00137094817044,0.00176812056092,0.00123455794517,-0.000322523220035,-0.00068647446296,-0.000738448321473
268,0.00159536615282,0.00156298978538,0.00128254855223,-0.000311277706642,-0.000827300663832,-0.000569479741767
269,0.00176952239681,0.00140210385173,0.00130135844017,-0.000213373278201,-0.000932533455519,-0.00036856602981
270,0.00186245439119,0.00130917151617,0.00130135836804,-5.24100641681e-05,-0.000991880586364,-0.0001470792505
271,0.00185684626506,0.00130150911452,0.00128254851251,0.000141619485421,-0.00100120311224,7.95335965546e-05
272,0.00174955454911,0.00138951389902,0.00123455804039,0.000333242099012,-0.000963728391193,0.000296277806689
273,0.0015451030408,0.00158255345349,0.00113553672127,0.000494168763114,-0.000884786041527,0.000481828077725
274,0.00131542352688,0.00184364793386,0.00109787675416,0.000582636322245,-0.000744077354156,0.000637706012237
275,0.00138804959399,0.00179930494166,0.000802099924994,0.000465273447456,-0.000508221458192,0.000913226780692
276,0.00146803281518,0.00202089383221,0.000673594827285,6.02494351891e-05,-0.000272172149379,0.00113227094301
277,0.00153853595992,0.00224693633901,0.000798744522607,-0.000224079312603,2.71729481023e-05,0.00116325423533
278,0.00161861125643,0.00217842136999,0.000704071349467,-0.000441598243445,0.000350291498894,0.00108842193092
279,0.00182956374211,0.00196677476124,0.000651739040882,-0.000579976706815,0.000636812363852,0.00093878891174
280,0.00209752219865,0.00168533231337,0.000622073507017,-0.000580497392745,0.000869719805093,0.0007166833304
281,0.00234579227574,0.00143320198614,0.00061170867136,-0.000433576521587,0.00103288171605,0.000441849437364
282,0.00249313314246,0.00128586144996,0.000611708984327,-0.000178374548238,0.00111542644105,0.000133788125047
283,0.0024972003885,0.00128565471925,0.000622074010308,0.000111765188476,0.00111154099189,-0.000185806059391
284,0.00236614143565,0.00143019732326,0.000651739167,0.000349402243766,0.00102089005836,-0.000494608946891
285,0.00214099926785,0.00165603309692,0.000704071039922,0.000463204051342,0.00084757229271,-0.000767455413587
286,0.00190969433749,0.00187577775898,0.000798744270809,0.000418786053638,0.000605159651152,-0.000993821343235
287,0.00155407052685,0.00193485627228,0.000673594865637,0.000209270931336,0.000330427585786,-0.0011166615331
288,0.00108792440955,0.00209942984322,0.00080209971529,-5.45582610036e-05,1.64808342076e-05,-0.00104498824384
289,0.000832909199856,0.00211846442378,0.00145358914717,-4.63985864209e-06,-0.000366294630835,-0.000792877141495
290,0.00102801831911,0.00185635665364,0.00151692423438,-0.000190540207017,-0.000492884892859,-0.000735765394314
291,0.00134037935436,0.00170736632097,0.0016716495651,-0.000300701893639,-0.000597990732793,-0.000625892507405
292,0.00156116213406,0.00151175724134,0.00169463947942,-0.00030323594374,-0.000710010813156,-0.000483979118359
293,0.00173953095824,0.00136015258281,0.00170829780674,-0.000214052243356,-0.000797144341651,-0.000313944404338
294,0.00183006085665,0.00126962212303,0.00170829761183,-5.72494146937e-05,-0.000847319383434,-0.000126688376812
295,0.00181142053004,0.00126149786932,0.00169463925312,0.000130225030811,-0.000856876841417,6.41328299691e-05
296,0.00169254140364,0.0013552037773,0.00167164960518,0.000309260805898,-0.000830821351119,0.000243043469056
297,0.00140011571349,0.00148425925586,0.00151692432228,0.000453950873695,-0.000794733546106,0.000390749141594
298,0.00115831644097,0.00179305756264,0.00145358906532,0.000558981668176,-0.000713659089183,0.000503504545991
299,0.0012754102527,0.00164372334231,0.000996335398224,0.000455065768779,-0.000485892905324,0.000911430525052
300,0.00139902734926,0.0019729598912,0.000826259625402,-7.67325616846e-06,-0.000346449192232,0.0011826830521
301,0.00153226264493,0.00233952806764,0.00102270552957,-0.000260052892229,6.23841855071e-06,0.00118375579134
302,0.0015174489241,0.0021466226116,0.000837178498412,-0.000465021698997,0.000359716127089,0.00111740946507
303,0.00174362973119,0.00191532663654,0.000813290683621,-0.000594306815435,0.000654704431919,0.000959820831778
304,0.00201390213059,0.00161531915579,0.000790461102589,-0.000586085533734,0.000892077390648,0.000732262115297
305,0.00226496590377,0.00135953668535,0.000785938581486,-0.000433592988582,0.00105789882553,0.000451764413436
306,0.00241411127034,0.00121039153061,0.000785938810636,-0.000175265499046,0.00114204936643,0.000137710070365
307,0.00242182145592,0.00120740022495,0.000790461492271,0.000120451237086,0.00113869259207,-0.000188118884701
308,0.0023012390859,0.00135771746737,0.000813290795684,0.000371500124617,0.00104690098614,-0.000503877086739
309,0.00207746318255,0.00158660818236,0.000837178234077,0.000504951064981,0.000870228030802,-0.000787847057687
310,0.00195929131118,0.00191249919127,0.00102270528755,0.000479582632633,0.000597280606058,-0.00102204349807
311,0.00154915591348,0.00182283165141,0.000826259857552,0.000252356443971,0.00029130783985,-0.00119745822926
312,0.000973389592919,0.001945743708,0.000996335117979,-6.80489257093e-05,3.4919804412e-05,-0.00103226838255
313,0.000566514586155,0.00162665463144,0.00174558189109,0.000138543134926,-0.000327346075328,-0.000502356562645
314,0.00125657101919,0.00197925403817,0.00233937315034,-0.000164771189512,-0.00033570778481,-0.000472273730368
315,0.00136195877781,0.00168763752286,0.00224104651666,-0.000296206614341,-0.000386008012419,-0.000390432037405
316,0.00162742070595,0.00155388210122,0.00229026798612,-0.000312348536853,-0.000451059790234,-0.000299785859786
317,0.00179367592059,0.00138270390023,0.00227984759329,-0.000226307327155,-0.000501358725598,-0.000194966997857
318,0.00188692055145,0.00128945859959,0.0022798473629,-6.48024038038e-05,-0.000531672894667,-8.18330024239e-05
319,0.00187953723982,0.00130176426432,0.00229026756814,0.000124331105712,-0.00054052213628,3.40923084587e-05
320,0.00169990049952,0.0013496949166,0.00224104631982,0.000289126215583,-0.000529508724411,0.00014512008417
321,0.00157993801886,0.00165588734998,0.0023393734709,0.000395316307961,-0.000526868356498,0.000241147207467
322,0.000711567939668,0.00148160173752,0.00174558194604,0.000389782476543,-0.000534668331581,0.000271380530965
323,0.000966061446288,0.00151001565051,0.00116048692943,0.00032377380335,-0.00035251567676,0.000921014387376
324,0.0015337555327,0.00246760868687,0.00122052234702,-8.27005309881e-05,-0.000425131615349,0.00126598070079
325,0.00126517983154,0.00224060035997,0.000976459239691,-0.00024818750429,2.51367158374e-05,0.00118214749756
326,0.00142733467095,0.00213938737455,0.00102097804041,-0.000465546647779,0.000372093137381,0.00112863442484
327,0.00163449672006,0.00183884319716,0.000981524937618,-0.000596808275255,0.00066304506238,0.000963618304878
328,0.00191832722241,0.00153689154539,0.000976455935922,-0.000583648400154,0.000900535399042,0.000735669814467
329,0.00216638883839,0.00127775995984,0.000973581143568,-0.000428765042474,0.00106604309087,0.000454095281044
330,0.00231555319103,0.00112859583099,0.000973581372967,-0.000170404734746,0.00115026792756,0.000139763618749
331,0.00232842274002,0.00112679634192,0.00097645627701,0.00012665768576,0.0011477212671,-0.000186841021314
332,0.00220243473259,0.0012709052654,0.000981525005307,0.000386888538283,0.00105602290458,-0.000502995482776
333,0.00200852332066,0.00155819858102,0.00102097781815,0.000541101161321,0.000886559310994,-0.000791379675242
334,0.00172397146594,0.0017818082923,0.000976458902457,0.000546463229608,0.000612842861913,-0.00101120156464
335,0.00183883979269,0.00216252456399,0.00122052270804,0.000445720056523,0.000264815684452,-0.00130893731477
336,0.00082165313311,0.00165442292405,0.00116048654002,7.36518537659e-05,0.000155219785304,-0.000973879696635
337,0.00371336056152,0.00469476324733,0.00562188779014,-5.3728278492e-05,-0.000109544034328,-0.00126104156459
338,0.00479182863936,0.00551165831164,0.00663898309941,-0.000258473865378,-0.00049646196204,-0.00114295644354
339,0.00482905924899,0.00512269189746,0.00647314144388,-0.000417261793973,-0.00077165423308,-0.000977516133464
340,0.00511697028527,0.00490542566511,0.00649669861141,-0.000432108803904,-0.000992524584506,-0.000753139035373
341,0.00529767064014,0.00466788037084,0.00646170870079,-0.000317249878447,-0.00115202868844,-0.000475711242286
342,0.00541496955362,0.00455058146576,0.00646170871782,-0.000114082197744,-0.00123554174969,-0.000164036318792
343,0.00543830139811,0.00458409469474,0.00649669866569,0.000124452878129,-0.00123612100489,0.000155975217115
344,0.00526382671578,0.00468792445023,0.00647314144712,0.000335777520648,-0.00115703019869,0.000460726672278
345,0.00519563107302,0.00510785605731,0.00663898325649,0.000440932275392,-0.00100142692619,0.000741598350882
346,0.00400524047018,0.00440288172038,0.00562188697903,0.000451823993487,-0.000725388730748,0.00103732200985
347,0.00301995212808,0.0029102239363,0.0032331876368,0.000593288502811,2.48054320139e-05,0.00143482859454
348,0.00268895516905,0.00351144674061,0.00241459066363,8.27405585768e-05,-0.000170610853796,0.00125955280991
349,0.00106957542481,0.0021680449969,0.00110478359846,-0.000212864777693,7.13471077563e-05,0.00118803625764
350,0.00132763273152,0.00207556618677,0.0012026663219,-0.000463703767082,0.000371665265815,0.00111410152821
351,0.00152296558598,0.00175269653839,0.001169032873,-0.000590911601849,0.000660518411896,0.000950062089384
352,0.00181599618666,0.00145577015016,0.00118011620537,-0.000574669875258,0.000892559525188,0.000723940814212
353,0.0020556542943,0.00119170404395,0.0011756414121,-0.000420132073331,0.00105427817501,0.000447580822255
354,0.00220351188611,0.00104384655993,0.00117564157449,-0.000164035084696,0.00113682196665,0.000139522852458
355,0.00222361842331,0.00104814804541,0.00118011643945,0.000131352471981,0.00113494943651,-0.000180671341492
356,0.00209214299327,0.00118351912505,0.00116903289515,0.000394932022654,0.00104705664496,-0.000492518782061
357,0.00191619557904,0.00148700321473,0.00120266611909,0.000555716535386,0.000878922316909,-0.000779007762923
358,0.00152853914818,0.00170908124444,0.00110478342511,0.000582083660214,0.000655806626886,-0.000993196203123
359,0.00282292285424,0.00337747960768,0.00241459096135,0.000314778777465,0.000482023178922,-0.00117611022803
360,0.00247871653782,0.00345145952665,0.00323318701973,-0.000344157973055,0.000738896468293,-0.0012301953188
361,0.00357773903661,0.00410677379959,0.0045438627167,7.74454621624e-05,-0.000181375476855,-0.0020917973822
362,0.00347245993657,0.00376791177343,0.00448829837956,-7.56583383441e-05,-0.000762035913162,-0.00190126957051
363,0.00380847188252,0.00392346398778,0.00473399821303,-0.000145354815914,-0.00124923687533,-0.00162613263693
364,0.00390621502702,0.0038303543545,0.00472748283595,-0.000160594797722,-0.00163252453395,-0.00124695087983
365,0.00399017639289,0.00374983808124,0.00472002681598,-0.000121302238654,-0.00190137247492,-0.000785886108565
366,0.00403514261511,0.00370487182582,0.00472002678515,-4.34184179707e-05,-0.00203957992052,-0.000270088888188
367,0.00402632901004,0.0037102403202,0.00472748283137,4.74487629775e-05,-0.00203728316629,0.000263628825667
368,0.0039631008662,0.00376883499681,0.00473399824255,0.000122470455719,-0.00189493718205,0.000783653752419
369,0.00361184479818,0.00362852664292,0.00448829822463,0.000165763530901,-0.00161057722571,0.00126552980982
370,0.00364292777619,0.0040415846522,0.00454386248571,0.000190356066975,-0.00120297448939,0.00172086192712
371,0.00274457929372,0.00279570516924,0.00295508570794,0.000357689461804,-0.00023907833874,0.00169888579779
372,0.00131092145534,0.00209673150137,0.00148595104622,-1.68108409925e-05,-0.0001243076128,0.00117031983788
373,0.00151379402692,0.00257210887959,0.00179751893249,-0.000168432754894,0.000113374391865,0.00115637507667
374,0.00122537889185,0.00200959275388,0.00142126034038,-0.000442187402199,0.000379869059868,0.00106581841226
375,0.00144603169944,0.00169619193554,0.00140644841966,-0.000576011193966,0.000645454023528,0.000912203893991
376,0.00170129570776,0.00136302924742,0.00139175033965,-0.000560530362997,0.000863344183943,0.000694484223478
377,0.00194305060533,0.00110943370624,0.00139660098418,-0.000408114268613,0.00101688386633,0.00043020278837
378,0.00208808373766,0.000964400526404,0.00139660106234,-0.000156909305227,0.00109574852068,0.000135875504994
379,0.00210216256903,0.000962162284606,0.00139175045091,0.000133791502396,0.00109491990105,-0.000169768851763
380,0.0020074122354,0.00113481131608,0.00140644841495,0.000396327983847,0.00101508140406,-0.000467264806962
381,0.0018043781063,0.00143059346934,0.0014212601918,0.000560668203057,0.000861885460928,-0.0007330914539
382,0.00192423990049,0.00216166319851,0.00179751885661,0.000542480128882,0.000676372758116,-0.000944763173814
383,0.00152193291551,0.0018857205637,0.00148595143784,0.00034867086441,0.000477506512509,-0.00107568058348
384,0.00244759210608,0.00309269189136,0.00295508518065,-0.000156706673532,0.000642395034405,-0.00159081741527
385,0.00298159074134,0.00336219126548,0.00375120692332,5.90466642035e-05,-0.000228372761631,-0.00230605050991
386,0.00317784309655,0.00339271526089,0.00398629964825,-5.93498677161e-05,-0.000842792831134,-0.00212370785358
387,0.00330341573705,0.00337210267355,0.00404398388844,-0.000116558757662,-0.00138612297805,-0.00182219346304
388,0.00341573528792,0.00334291683655,0.00407181358712,-0.000131051133004,-0.00182066348732,-0.00139674637367
389,0.00349228023779,0.00328620016508,0.00407158569221,-0.000102159476096,-0.00212374992471,-0.00087874023468
390,0.0035292329667,0.0032492475263,0.00407158573978,-3.81555343007e-05,-0.00227859150014,-0.000300863588091
391,0.00351102433951,0.00324762787738,0.00407181368681,3.39942434403e-05,-0.00227511403043,0.000299286077831
392,0.00342153028389,0.00325398805104,0.00404398390353,8.80216967748e-05,-0.00211151445098,0.000885004356393
393,0.00328295955418,0.00328759864991,0.00398629954935,0.000122717269516,-0.00179173390615,0.00141778854306
394,0.00302560483156,0.00331817692582,0.00375120673458,0.00013528154298,-0.00135080187145,0.00188291194632
395,0.00240828593604,0.00258003988784,0.00279817158554,0.000286834022959,-0.000395028827162,0.00170034626118
396,0.00144769226303,0.00230548680402,0.00195469844178,2.03874845789e-05,-0.00012040542945,0.00110295264928
397,0.00121031576208,0.00223506720713,0.00178964827447,-0.000155819696837,0.00012646440174,0.00108513724363
398,0.00120525046263,0.00198067327998,0.00171278965963,-0.000411245014942,0.000372884118007,0.000983462439049
399,0.00136647702717,0.00162862116146,0.00165782036859,-0.000551774390103,0.000609626634087,0.000840307507102
400,0.00161060174398,0.00129572809288,0.00164139427254,-0.00054089662429,0.000804513174149,0.000640550029469
401,0.00183797706732,0.00103879738881,0.00163962116861,-0.000393416067977,0.000943910211382,0.000397833402015
402,0.00197889049201,0.000897883903801,0.00163962124454,-0.000149346689037,0.00101636678649,0.000127421377446
403,0.00200031345185,0.000906016159621,0.00164139433201,0.000134104015834,0.00101700364588,-0.000152475981579
404,0.00190986376066,0.00108523422396,0.00165782032065,0.000389398785298,0.000948105782289,-0.000422914386469
405,0.00175525505583,0.00143066876856,0.0017127896028,0.000541390364105,0.000814658351848,-0.00066526154641
406,0.00160144754171,0.00184393557388,0.00178964816516,0.000521640207837,0.000652090126437,-0.000876524402827
407,0.00164448515767,0.00210869451362,0.00195469880611,0.000361241932186,0.000447202303625,-0.00101538780242
408,0.0022028185485,0.00278550694354,0.00279817124532,-6.90454536134e-05,0.000508068175393,-0.00167005744665
*Step  = 3
*Time  = 0.3
*Data  = sx;sy;sz;sxy;syz;sxz
265,0.00140039166894,0.00333772447298,0.00165183108662,-9.64652347624e-05,-0.000485827225369,-0.00138514421999
266,0.00167806388684,0.00301092191513,0.00171030682003,-0.000352693526625,-0.000789507057518,-0.00128999059984
267,0.00204972277212,0.00265392473766,0.00186010815482,-0.000492402127256,-0.00103270386451,-0.00110877603312
268,0.00239143973999,0.00234046831909,0.0019330049907,-0.000475469892071,-0.00124451712894,-0.000855399097893
269,0.00265692889736,0.00209450263476,0.00196148391566,-0.000326161067569,-0.00140266627714,-0.000553992624123
270,0.00279878602126,0.0019526449804,0.00196148379733,-8.04568858782e-05,-0.00149174080082,-0.000221561556822
271,0.00279046558176,0.00194144161631,0.00193300491893,0.000215663687674,-0.00150548276584,0.000118538792673
272,0.00262720598754,0.00207644110137,0.00186010830176,0.000507827880074,-0.00144873565175,0.000443876330812
273,0.00231672035808,0.00237226553526,0.00171030696979,0.000753490865011,-0.0013287284632,0.000722411243409
274,0.00196826602133,0.00276984972541,0.00165183044767,0.000887122371754,-0.00111331094814,0.000956656678094
275,0.00207662918104,0.0027128786884,0.00122204908851,0.000708051383834,-0.000758761317452,0.00137607606832
276,0.00219356845639,0.00305085529044,0.00103931805029,9.49043667593e-05,-0.000407846438463,0.00170952923032
277,0.00230278564071,0.00339469214104,0.00122717571718,-0.000340676204345,4.04310481292e-05,0.0017544177986
278,0.0024263976822,0.00328906306364,0.00108371736063,-0.000674782335505,0.000526633770358,0.00164122920068
279,0.00275083959526,0.00296476638292,0.0010047564829,-0.00088723892094,0.000958258649635,0.00141512886509
280,0.00316210933295,0.00253365930141,0.000959979369919,-0.000888163518581,0.00130910081988,0.00107994545974
281,0.00354257794804,0.00214759989684,0.000944341061671,-0.000663205776205,0.00155487868414,0.000665501429553
282,0.00376818676415,0.00192199166845,0.00094434157924,-0.000272439750872,0.00167931502899,0.000201098359501
283,0.00377416932847,0.00192160036328,0.000959980209199,0.000171954833323,0.00167368711605,-0.00028070977939
284,0.00357269334789,0.00214291309532,0.00100475671252,0.000536252135733,0.00153744064155,-0.00074640834944
285,0.00322644295692,0.00248901739444,0.00108371689446,0.00071093629756,0.00127669280848,-0.00115802948138
286,0.00287079635972,0.00282668109762,0.00122717533186,0.000643147540366,0.000912223319903,-0.00149915500698
287,0.00232570054843,0.00291872339245,0.00103931809419,0.000323763609413,0.000501559405834,-0.00168441904733
288,0.00162250044936,0.00316700693884,0.00122204874737,-7.85220747311e-05,3.09316698767e-05,-0.00157109737481
289,0.00123505187715,0.00319368548876,0.00218649645194,-9.41695552658e-06,-0.000549320463384,-0.00118733586608
290,0.00151725889908,0.0027787518923,0.00227136948086,-0.000290553858992,-0.000742142497365,-0.00110367312214
291,0.0019980651424,0.00255558845323,0.00251309939554,-0.00045853218534,-0.000899989542366,-0.000939420930246
292,0.00233223540028,0.00225538345999,0.00254668413718,-0.000462646779224,-0.00106828417283,-0.000726920702416
293,0.00260420275732,0.00202425287716,0.0025678699763,-0.00032678478632,-0.00119917399864,-0.000471904154149
294,0.00274221892455,0.00188623585194,0.00256786967551,-8.77330889819e-05,-0.00127446711673,-0.000190906068031
295,0.00271368564781,0.001873931722,0.00254668378452,0.000198045529167,-0.00128862139852,9.53897469189e-05
296,0.00253454623152,0.00201910661452,0.00251309945399,0.00047068052293,-0.00124912416406,0.000363567656934
297,0.00208425940901,0.00221175139248,0.00227136962699,0.000691519035305,-0.00119455083205,0.000584737814273
298,0.0017328659194,0.00269587204993,0.0021864963463,0.000852821707977,-0.00106939350584,0.000753602968407
299,0.00189657232004,0.00246560026621,0.00150558453428,0.000691868912476,-0.000728114440479,0.00137136130792
300,0.00209385224082,0.00298884270379,0.00127690539726,-7.20070931915e-06,-0.000521890184205,0.00178431602111
301,0.00228762315863,0.00353175658454,0.00155941350301,-0.0003948116164,7.37628548174e-06,0.00178481757538
302,0.00227274156476,0.00324179244805,0.0012836569149,-0.000710571675067,0.000539849491685,0.00168384377722
303,0.00261929347365,0.00288560586344,0.00124615719014,-0.000909330327714,0.000984223430032,0.00144577666159
304,0.0030344594903,0.00242639294139,0.00121193093934,-0.000896927724365,0.00134158519722,0.00110257527415
305,0.0034191147386,0.00203456610231,0.00120495738233,-0.000663427738378,0.00159121144116,0.000679897843224
306,0.00364752308117,0.00180615815117,0.00120495776358,-0.000267812729906,0.00171797830273,0.000206797098303
307,0.00365920526723,0.00180164788519,0.00121193158827,0.000185163262595,0.00171313427357,-0.00028406557646
308,0.00347337526569,0.00203152441779,0.00124615739098,0.000569981469307,0.00157525067087,-0.000759967726544
309,0.00313037776837,0.00238415599985,0.00128365652461,0.000774897206505,0.00130944525121,-0.00118832695524
310,0.00294057324627,0.00287880616844,0.00155941313819,0.00073613139275,0.000898796960848,-0.00154200940167
311,0.00232383612404,0.0027588592733,0.00127690573736,0.000391142188121,0.000440188029119,-0.00180620819277
312,0.00143965260457,0.00292251949325,0.00150558409255,-9.95385680957e-05,5.51152722803e-05,-0.00155169086236
313,0.000778729258122,0.00239437305277,0.00257281591751,0.000208809426828,-0.000496867043347,-0.000751688470325
314,0.00186227720916,0.00295946396488,0.00351208786452,-0.000251651839681,-0.000506427675272,-0.000708808941201
315,0.00201318027671,0.00250650959957,0.00335563412272,-0.000451428692386,-0.000581566479103,-0.000586418519604
316,0.00241909805458,0.00230534467678,0.00343378817256,-0.000476011077472,-0.000679484166535,-0.00045070054078
317,0.0026711589944,0.00204372988745,0.00341752156975,-0.000345061784719,-0.000755131314298,-0.000293379838225
318,0.00281313359659,0.00190175427017,0.0034175212187,-9.9153822248e-05,-0.000800652822975,-0.000123491283064
319,0.00280289651198,0.00192154424743,0.00343378753602,0.000188748860549,-0.000813800770042,5.05760854316e-05
320,0.00252746069221,0.00199222784614,0.00335563382198,0.000439332017337,-0.000796860542544,0.000217070138162
321,0.00235451110621,0.00246723054591,0.00351208835536,0.000600921396476,-0.000792983733998,0.000360632791738
322,0.00100180625718,0.00217129672879,0.002572815995,0.000595189480401,-0.000806143768321,0.000402547827895
323,0.00148100584773,0.00232184585879,0.00180525282016,0.000499723181239,-0.000538113267296,0.00138030891955
324,0.00226625781525,0.00371061089544,0.00184285131186,-0.000115889409332,-0.000643015387489,0.00190763039264
325,0.00189115687928,0.00339106693578,0.0014961479588,-0.000376652196444,3.53418979116e-05,0.0017821410261
326,0.0021319574867,0.00322651405359,0.0015558002081,-0.000711566998965,0.000558072798339,0.00169935445281
327,0.00245328878102,0.00276891323725,0.00149802669124,-0.000913208709469,0.000995991041069,0.00145037399916
328,0.00288789298575,0.00230574046109,0.00148960450948,-0.000893315845748,0.0013532290107,0.00110682562078
329,0.00326817885329,0.00190896733746,0.00148523407226,-0.000656169202941,0.00160219265744,0.000682862996784
330,0.00349663542978,0.00168051115438,0.00148523444495,-0.000260470738051,0.00172897087066,0.000209719819544
331,0.00351598926182,0.0016776447657,0.00148960507438,0.000194578451572,0.00172534324694,-0.000281924557501
332,0.00332305727028,0.00189914493375,0.00149802682333,0.000593273418208,0.00158774036463,-0.000758065338277
333,0.00302183211163,0.00233663921888,0.00155579987841,0.000829740356033,0.00133298242648,-0.00119264797712
334,0.00259232448694,0.00268989866771,0.00149614745283,0.000837806205189,0.000921677611373,-0.00152570869602
335,0.0027277095503,0.00324915931892,0.00184285184414,0.000683367192566,0.000396947710938,-0.0019735641627
336,0.00125844207264,0.00254440802685,0.00180525221792,0.000114232318835,0.00022413489131,-0.00146443922581
337,0.00545720195991,0.00692419485194,0.00832972091221,-8.70029326567e-05,-0.000159036962986,-0.00187172864314
338,0.00708345217418,0.00815530877019,0.00986570092104,-0.000388306709815,-0.000736354049221,-0.00169716454097
339,0.00713766076341,0.0075738733331,0.00961619359298,-0.000623075973212,-0.00114535864199,-0.00145071122253
340,0.00756769574652,0.0072515711876,0.00965248243426,-0.000644568804239,-0.00147309891724,-0.0011176066943
341,0.0078371410658,0.00689772758633,0.00960054420817,-0.000473170396826,-0.00170970491285,-0.000705927628726
342,0.00801206532479,0.00672280334876,0.00960054423824,-0.000170192694263,-0.00183361172893,-0.000243501191366
343,0.00804687766756,0.0067723894846,0.00965248251671,0.000185398428436,-0.00183454440701,0.000231326288403
344,0.00778631351388,0.00692522060738,0.00961619359259,0.000500423504539,-0.00171726523719,0.000683673428571
345,0.00768769993445,0.00755106129851,0.00986570116339,0.000658280804007,-0.0014862836326,0.00110161060653
346,0.00589929568452,0.00648209865022,0.0083297196679,0.00067872806305,-0.00107359441818,0.00154144606736
347,0.00450379260069,0.00434420489241,0.00484301430501,0.000906255574806,3.86270494826e-05,0.00215415872717
348,0.00403291595237,0.0053051240309,0.00366849595933,0.000132005530862,-0.000256832824418,0.0019023462325
349,0.00158317177794,0.00326828806141,0.00167624095938,-0.000323913124425,0.000104902094446,0.00178858392217
350,0.001981650251,0.00313016908075,0.00182931257068,-0.000708737189695,0.000557230249119,0.0016764481236
351,0.00228171081211,0.0026356059672,0.00177701720841,-0.000904111520725,0.000991546510386,0.00142877700757
352,0.00273080653067,0.00218079659579,0.00179361186337,-0.000879583326359,0.00134028719015,0.00108830682498
353,0.00309810515677,0.00177640767872,0.00178655895634,-0.000643013028397,0.00158330964451,0.00067253210456
354,0.00332454658746,0.00154996646052,0.00178655922448,-0.000250804808071,0.00170745223178,0.000209225136578
355,0.00335504564836,0.0015565577743,0.00179361226161,0.000201630349122,0.00170487587101,-0.000272357713154
356,0.00315316849517,0.00176414833603,0.00177701727058,0.000605296554406,0.00157309277896,-0.000741584062414
357,0.00288256474477,0.00222925441181,0.00182931227219,0.000851691787217,0.0013207995955,-0.00117323180448
358,0.00228496788342,0.00256649191711,0.00167624070425,0.000891633312265,0.000985139974718,-0.00149650833964
359,0.00423664814006,0.00510139264988,0.00366849639429,0.000484879125357,0.000728749532141,-0.00177589668025
360,0.00367905436997,0.00516894315059,0.00484301336915,-0.000522231340402,0.00111053144182,-0.0018462426918
361,0.00536048712585,0.00615037371105,0.00683587872047,0.000111862068675,-0.000272992805914,-0.00312557604534
362,0.00518859447517,0.0056234886103,0.00673833443509,-0.00011114848147,-0.00113748073245,-0.00284109810517
363,0.00568972202021,0.00585702493326,0.00710868482974,-0.000210231795774,-0.00186596416884,-0.00242964618568
364,0.00583123810598,0.00572080311126,0.00709692418749,-0.000233912141729,-0.0024385798555,-0.00186276395203
365,0.00595508455036,0.00560420658964,0.0070865242112,-0.000177060713671,-0.00284009919779,-0.00117390773568
366,0.0060207041092,0.00553858698548,0.00708652416651,-6.34042473571e-05,-0.00304655192383,-0.000403415658178
367,0.00600620317995,0.00554583796517,0.00709692418381,6.91363131197e-05,-0.00304325409178,0.000393910906312
368,0.00591361381735,0.00563313312789,0.00710868487426,0.000177560192126,-0.00283079545646,0.00117115326069
369,0.00539357520764,0.00541850746724,0.00673833419681,0.000243888869918,-0.00240563623356,0.00189172279839
370,0.00546108304717,0.00604977715105,0.00683587835982,0.000286099932334,-0.00179920676879,0.00257033184341
371,0.00410523429148,0.0041857846573,0.00445065882914,0.000548022380283,-0.000362971900166,0.00254956988432
372,0.00195147210351,0.00315986758119,0.00225711002791,-1.86387089203e-05,-0.000187862245094,0.00176530602787
373,0.00225533422231,0.00387706465784,0.00272242374553,-0.000256606026535,0.00017017026319,0.00173997270617
374,0.00182254112365,0.00302447232411,0.00215325104822,-0.000676047848945,0.000569855417674,0.00160238559176
375,0.00216230233248,0.00254654049623,0.00213121348979,-0.000881262889938,0.000968416063074,0.00137077598351
376,0.00255413770667,0.00203741743452,0.00210871132938,-0.000857860638142,0.00129550768004,0.00104319215995
377,0.0029245143286,0.00164910936111,0.00211576923184,-0.000624616872464,0.00152603473898,0.000645917241821
378,0.00314659723607,0.00142702642583,0.00211576936978,-0.000239957707883,0.00164454326517,0.00020363681274
379,0.00316788670019,0.00142366838197,0.00210871154117,0.000205183868883,0.00164353832566,-0.000255677015325
380,0.00302155818322,0.00168728458215,0.00213121351286,0.000607011186356,0.00152406071125,-0.000702918909886
381,0.00270849888373,0.00213851446694,0.00215325082939,0.000858475310984,0.00129470205897,-0.00110277917544
382,0.00288299434562,0.00324940483282,0.00272242363589,0.000830532860402,0.00101735830034,-0.00142177570679
383,0.00226971307134,0.00284162741269,0.00225711061937,0.000532569510269,0.000719959760906,-0.00162273108749
384,0.00365076980884,0.00464024841932,0.00445065800763,-0.000239132015101,0.000960442144349,-0.00238947822096
385,0.00447623931492,0.00504808664582,0.0056670717569,8.64674317025e-05,-0.000346965452009,-0.00345240809632
386,0.0047602285676,0.00508273190142,0.00600700936451,-8.91657352879e-05,-0.00126195960656,-0.00317929142084
387,0.00494565189147,0.00504765139357,0.0060927553494,-0.00017251722996,-0.00207450392516,-0.00272794924354
388,0.00511103783671,0.00500306695173,0.00613268496131,-0.000194497136055,-0.00272485229064,-0.00209084365961
389,0.00522440462275,0.00491904156365,0.00613276873343,-0.000151387885013,-0.00317849250941,-0.00131527442426
390,0.00527916968922,0.00486427664539,0.00613276881001,-5.65321080261e-05,-0.00341029246609,-0.000450185180726
391,0.00525248466976,0.00486162028075,0.00613268512101,5.04957898361e-05,-0.00340521315265,0.00044829754882
392,0.00512055602944,0.00487274715085,0.0060927553785,0.000130425691816,-0.00316054773205,0.00132522140752
393,0.00491807407759,0.00492488614301,0.00600700920581,0.000184230844612,-0.00268253475355,0.0021223673462
394,0.00454431795426,0.00498000761786,0.00566707146675,0.000204383465275,-0.00202668495009,0.00281639039456
395,0.00359819948887,0.00386569123036,0.00422129038558,0.000437920480318,-0.00059908961348,0.00255140536225
396,0.00214461024403,0.00345968231285,0.00294889915768,3.50971518888e-05,-0.000182465969201,0.00166198317584
397,0.00179251704896,0.00336024467,0.00270509533345,-0.00023829007285,0.000189895420568,0.00163157781195
398,0.0017891197489,0.00297577447251,0.00258908690627,-0.000628984708369,0.000559485473906,0.00147745437106
399,0.0020380178292,0.00243966724899,0.0025055221919,-0.000844154513148,0.00091420908985,0.00126167779734
400,0.00241279376954,0.00193152743048,0.00248031587763,-0.000827699867222,0.00120638510862,0.000961387760493
401,0.00276127417705,0.00153855406114,0.00247738884865,-0.000602060515981,0.00141546260207,0.000596844370326
402,0.00297699391931,0.00132283426265,0.00247738897847,-0.000228422732388,0.00152424854651,0.000190849079685
403,0.00300928618464,0.00133503475024,0.00248031600142,0.000205455485943,0.0015254537004,-0.000229393623774
404,0.00286948955711,0.00160819526445,0.00250552214415,0.000595996328076,0.00142256700405,-0.000635540567692
405,0.00263050056578,0.00213439379025,0.00258908682755,0.000828328814621,0.00122325583707,-0.000999770514842
406,0.00239081436867,0.00276194758155,0.00270509517469,0.000797990962599,0.000980243347395,-0.001318040407
407,0.00244298374569,0.00316130972604,0.00294889970539,0.000551893941517,0.000672971641459,-0.0015305527478
408,0.00328582166089,0.00417806854396,0.00422128985564,-0.000103133056525,0.000756875934339,-0.00250912663058
*Step  = 4
*Time  = 0.4
*Data  = sx;sy;sz;sxy;syz;sxz
265,0.00184885834867,0.00446950152982,0.0022090197639,-0.000132334030826,-0.000644584104684,-0.00184549001426
266,0.00222265207769,0.00402802693421,0.0022902622827,-0.000479007608627,-0.00105483599736,-0.00172077790837
267,0.00272490274923,0.00354191996393,0.00249176045509,-0.00066817895333,-0.00138107716358,-0.00147991287045
268,0.00318734346061,0.0031161693175,0.00259017064323,-0.000645522123871,-0.0016642302968,-0.00114214051867
269,0.00354706078391,0.00278190104826,0.00262847932423,-0.000443135023907,-0.00187547625468,-0.000740207320628
270,0.00373953692637,0.00258942418434,0.00262847915813,-0.000109755969835,-0.00199431354822,-0.000296699927314
271,0.00372858805877,0.00257492354527,0.00259017053381,0.000291941772105,-0.00201233565462,0.000157007565294
272,0.00350781696086,0.00275900517679,0.00249176064754,0.000687867886947,-0.00193600414156,0.000591103630575
273,0.00308882910879,0.00316185003169,0.00229026249449,0.00102125356717,-0.00177390371692,0.000962819579911
274,0.00261862351814,0.00369973583161,0.00220901891096,0.00120093886112,-0.0014809713804,0.00127594946746
275,0.00276237536871,0.00363736238496,0.00165481678581,0.000957742939279,-0.00100736895956,0.00184305129197
276,0.0029143996458,0.00409543705901,0.00142454242624,0.000132705814468,-0.000543291789208,0.00229409603221
277,0.00306460758171,0.00456061588638,0.00167513250371,-0.000460373552775,5.35069416059e-05,0.00235215090445
278,0.00323409004508,0.00441603286847,0.00148164160781,-0.00091674362503,0.000703871560927,0.00220000862201
279,0.00367779384519,0.0039742588792,0.00137563029915,-0.0012068930452,0.00128190343234,0.00189633178595
280,0.00423916143168,0.0033870977612,0.00131552503094,-0.00120835908587,0.00175173195438,0.00144667817464
281,0.00475766040322,0.00286148207183,0.00129454489574,-0.000902078852975,0.00208086426432,0.000891092825271
282,0.00506483940053,0.002554303878,0.00129454559889,-0.000370029095775,0.00224762755678,0.000268723330419
283,0.00507261563091,0.00255364500436,0.00131552616947,0.000235225040964,0.00224038321737,-0.000376994055549
284,0.00479711096827,0.00285494238778,0.00137563060938,0.000731819185283,0.00205832666011,-0.00100131996117
285,0.00432349940222,0.00332662297167,0.00148164097614,0.000970168154406,0.00170957494093,-0.00155332782902
286,0.00383730463313,0.00378791838208,0.00167513198221,0.000877977448894,0.00122241396624,-0.0020102691675
287,0.0030947323488,0.00391510460257,0.00142454248282,0.000445050894201,0.000676543753321,-0.0022583914543
288,0.00215169157637,0.00424804553175,0.00165481633028,-9.99916599203e-05,4.9118829429e-05,-0.00209981356257
289,0.0016285930986,0.00428116791558,0.00292431826432,-1.60621898934e-05,-0.000732322292288,-0.00158069354838
290,0.00199056276386,0.00369794158463,0.00302364218907,-0.000393745974098,-0.000993427225837,-0.00147156447468
291,0.00264826898679,0.0034010875695,0.00335913426457,-0.000621344135365,-0.00120405794165,-0.0012532673214
292,0.00309771519946,0.00299163651283,0.00340260329452,-0.000627281192803,-0.00142872988823,-0.000970425413267
293,0.00346626478592,0.00267846429631,0.00343179177893,-0.000443350516376,-0.00160345757499,-0.000630482646859
294,0.00365326708058,0.0024914608395,0.00343179136801,-0.000119452111134,-0.00170387617038,-0.000255714873085
295,0.00361443611625,0.00247491357331,0.00340260280699,0.000267707183982,-0.00172252882968,0.000126048167554
296,0.00337457308335,0.00267478245185,0.00335913433616,0.000636651741903,-0.00166937827554,0.000483332418888
297,0.00275840181068,0.00293010255495,0.00302364239646,0.000936189181963,-0.00159611547198,0.000777698745749
298,0.00230564749598,0.00360411433777,0.00292431813302,0.00115662968463,-0.00142455661719,0.00100275986533
299,0.00250725041504,0.00328827330144,0.00202223410313,0.000934837301362,-0.000970299895181,0.00183392786471
300,0.00278685276155,0.00402612328252,0.00175303762915,-3.75861280869e-06,-0.000698883491876,0.00239265766863
301,0.00303664011387,0.0047409636816,0.00211313314968,-0.000532842141329,7.19182646249e-06,0.0023922695149
302,0.00302675513358,0.00435354566353,0.0017486173656,-0.000965348594303,0.000720240681054,0.00225571701941
303,0.00349895459126,0.00386598905612,0.00169635543515,-0.00123701907327,0.00131535486888,0.00193604891172
304,0.0040659445085,0.00324108948262,0.00165073294487,-0.00122035468659,0.00179366232749,0.00147590863552
305,0.00458987381212,0.00270749734369,0.00164117179482,-0.000902474872892,0.00212775523199,0.000909676129484
306,0.00490084616957,0.00239652552621,0.00164117231319,-0.000363854742633,0.00229752794494,0.000276075229225
307,0.00491658921029,0.00239044576921,0.00165073382394,0.000253004556699,0.00229131115252,-0.000381343178892
308,0.00466200386884,0.00270294024951,0.00169635570514,0.000777439657106,0.00210715497741,-0.00101899027917
309,0.00419446966099,0.00318583080068,0.00174861683861,0.00105719148885,0.00175160521868,-0.00159338819687
310,0.00392417561212,0.00385342772022,0.002113132655,0.00100441483588,0.00120236322847,-0.00206817050913
311,0.00309992579841,0.00371305083887,0.00175303808728,0.0005384986317,0.000591078216836,-0.00242154420357
312,0.00189291242331,0.00390261064137,0.00202223351374,-0.000129226420686,7.66598802682e-05,-0.00207337794999
313,0.000942556703832,0.00313068682815,0.00336846925294,0.000279523511255,-0.000670386687809,-0.000999591749077
314,0.00245403136798,0.00393428337532,0.00468785384011,-0.000341500002588,-0.00067905574802,-0.000945356569663
315,0.00264530622516,0.00330945007023,0.00446695492349,-0.000611301324683,-0.000778710009459,-0.000782642340699
316,0.00319688790786,0.00304069822609,0.00457702574023,-0.000644584531535,-0.000909622151267,-0.000602068569088
317,0.00353647320928,0.00268540208399,0.004554450494,-0.000467494425015,-0.00101067614946,-0.000392273758278
318,0.00372856694658,0.00249330697942,0.00455445001856,-0.000134777314115,-0.00107140810007,-0.000165619059915
319,0.00371606587461,0.00252151760488,0.00457702487826,0.000254660120625,-0.00108879010313,6.65956684279e-05
320,0.0033407438133,0.00261401067892,0.00446695451464,0.000593233122324,-0.00106570373389,0.000288433202097
321,0.00311984248556,0.00326847290546,0.00468785450819,0.000811717484188,-0.00106075785535,0.000479175040135
322,0.00124751518579,0.00282572922268,0.00336846935049,0.000807726262919,-0.0010803678486,0.000530478559911
323,0.00202102170208,0.00317494761748,0.00249587802423,0.000685204378152,-0.000730113836255,0.00183844513429
324,0.00297654093429,0.0049617153264,0.0024730526973,-0.000143251681054,-0.000864374735382,0.0025549922345
325,0.00251377378791,0.00456411618173,0.00203722057404,-0.000508184199006,4.39620726304e-05,0.00238832497428
326,0.00283160948983,0.00432711987448,0.00210682457582,-0.000966897024085,0.000744061028821,0.00227464363407
327,0.00327455728653,0.00370767213186,0.00203172555333,-0.00124216844143,0.00133004375628,0.00194072679374
328,0.00386607852609,0.00307615983418,0.00201936442013,-0.00121537166779,0.00180779631494,0.00148043743661
329,0.00438422642018,0.00253617033982,0.00201344680364,-0.000892599521259,0.00214075454628,0.000912926365697
330,0.00469522660611,0.00222517068865,0.00201344730478,-0.00035393130185,0.00231041076964,0.000279760115395
331,0.00472114185031,0.00222109730474,0.00201936518081,0.000265640959595,0.00230581589193,-0.000378198214039
332,0.00445858601476,0.00252364366187,0.00203172573147,0.000808627994481,0.00212221483336,-0.00101569700869
333,0.00404284499238,0.00311588407942,0.0021068241291,0.00113102345275,0.00178169753965,-0.00159786900253
334,0.00346645943149,0.00361142963125,0.00203721989211,0.00114191640349,0.00123223491706,-0.00204636939776
335,0.00359689450504,0.00434136193693,0.00247305341102,0.000931230560503,0.000528925881826,-0.0026448756686
336,0.00171609770202,0.00347986945243,0.00249587721463,0.000157061713638,0.000286925700267,-0.00195719711357
337,0.00712972525622,0.00907859083318,0.0109711639937,-0.000124515352668,-0.000204710821796,-0.00246962248811
338,0.00930740462714,0.0107258302034,0.0130308298247,-0.000518370199106,-0.000970688028512,-0.00224013782909
339,0.00937751362014,0.00995347194019,0.0126972677743,-0.000826753327402,-0.00151114269564,-0.00191379154712
340,0.00994840333159,0.0095285649196,0.0127469489804,-0.000854396244813,-0.0019434233172,-0.00147423707794
341,0.0103055650266,0.00906022532984,0.012678547221,-0.000627149872717,-0.00225543790475,-0.000931209009197
342,0.0105373578915,0.00882843250761,0.0126785472683,-0.00022567286514,-0.00241887106194,-0.000321268289832
343,0.0105833727158,0.00889359582401,0.0127469490875,0.000245402725565,-0.00242017246982,0.000305015046045
344,0.0102374925736,0.0090934930267,0.0126972677733,0.000662773843726,-0.00226558366501,0.000901820720122
345,0.0101109329753,0.00992230225374,0.0130308301515,0.000873381297106,-0.00196070947078,0.00145467228654
346,0.0077247734167,0.00848353930972,0.0109711623023,0.000906141282822,-0.00141209607612,0.00203640039451
347,0.00596990338786,0.00576317325505,0.006446427789,0.00123029321112,5.36478100726e-05,0.00287504154969
348,0.00537755954731,0.00712604182365,0.00495385078612,0.000186810368057,-0.000343635555456,0.00255367838575
349,0.00208339802611,0.0043812580018,0.00226057317463,-0.000438157647494,0.000136996337597,0.00239369483621
350,0.00263041500087,0.00419779716607,0.00247320114305,-0.000962883102974,0.000742659726202,0.00224258008726
351,0.00303998703144,0.00352430013011,0.00240087910554,-0.00122948226342,0.00132322384902,0.00191021208921
352,0.00365162089928,0.00290513855395,0.00242293036758,-0.00119648240106,0.0017892029361,0.00145448704816
353,0.00415182421759,0.0023547961033,0.00241305077066,-0.000874614045759,0.00211389046857,0.000898390552078
354,0.00446000541769,0.00204661519529,0.0024130511299,-0.000340828332655,0.00227987785621,0.000278916472201
355,0.0045011845956,0.00205557526564,0.00242293089944,0.000275004826374,0.0022767383137,-0.00036502119818
356,0.00422582865457,0.00233845858018,0.00240087918616,0.00082445444249,0.00210105124919,-0.000992680455753
357,0.00385614227988,0.00297206964584,0.00247320074009,0.0011601378748,0.00176445220658,-0.00157080183003
358,0.0030373187247,0.00342733724468,0.00226057283546,0.00121408138047,0.00131548991014,-0.00200450274569
359,0.00565289800399,0.00685070445143,0.00495385137259,0.000663709355731,0.000979242303563,-0.00238336827423
360,0.00485275440022,0.00688032233833,0.006446426539,-0.000704663469029,0.0014839812588,-0.00246303516679
361,0.00713990103533,0.008188172069,0.00914065532778,0.000143428074767,-0.00036510847588,-0.00415190096881
362,0.00689258881268,0.00746142412392,0.00899225013242,-0.0001450808615,-0.00150943158177,-0.003774247166
363,0.00755560481106,0.00777247151973,0.00948619198442,-0.00027114048623,-0.00247774883768,-0.00322727101974
364,0.0077386693353,0.00759553182938,0.00946902562281,-0.000303357221707,-0.00323827867032,-0.00247384116443
365,0.00790036130498,0.00744536840311,0.00945663181541,-0.000229585587171,-0.00377141089178,-0.00155886863415
366,0.0079854399981,0.00736028965493,0.00945663175773,-8.22248952535e-05,-0.00404557195951,-0.000535685584164
367,0.00796559997312,0.00736860109385,0.00946902561572,8.9698249127e-05,-0.00404135219141,0.000523269865812
368,0.00784463601609,0.00748344030149,0.00948619205905,0.00022947627917,-0.00375942893438,0.00155602430608
369,0.00716044106699,0.00719357130072,0.00899224980233,0.000318853271495,-0.00319432963684,0.00251387817966
370,0.00727775597368,0.00805031623285,0.00914065482481,0.000382200695158,-0.00239214375317,0.00341309746151
371,0.00545860265327,0.0055707180451,0.00595744948533,0.000746051742177,-0.000489640499956,0.00340138235827
372,0.00258303888027,0.00423373120693,0.00304756928845,-1.61052428014e-05,-0.000252351888925,0.00236674644527
373,0.00298724116705,0.00519571059001,0.00366486468881,-0.000347493622856,0.000226942638053,0.00232730445995
374,0.00241043552083,0.00404735533016,0.0028998755778,-0.000918582379878,0.000759865467133,0.00214156754126
375,0.00287532331534,0.00339960661953,0.00287079000883,-0.00119813795251,0.00129161118039,0.00183118118402
376,0.00340968511564,0.00270818986234,0.00284014829396,-0.0011666330129,0.00172814725092,0.00139303327778
377,0.00391381188449,0.00217986376261,0.00284923896413,-0.000849449758972,0.00203585703414,0.000862135458532
378,0.00421597001849,0.0018777055941,0.00284923914522,-0.000326096127896,0.00219417135603,0.000271297562164
379,0.0042446450664,0.0018732298374,0.00284014857078,0.000279560137435,0.00219313562652,-0.000342328504885
380,0.00404401239832,0.00223091745211,0.00287079003474,0.000826089946456,0.00203415842084,-0.00094004399664
381,0.00361518162407,0.00284260909449,0.00289987528468,0.00116809814169,0.00172884656044,-0.00147471951405
382,0.00384029706942,0.00434265510145,0.00366486455393,0.00113004208867,0.00136019056177,-0.00190203384199
383,0.00300966019796,0.00380711100204,0.00304757010235,0.000722822781811,0.000964830386132,-0.00217583862607
384,0.00484053068489,0.00618878904414,0.00595744836225,-0.000324478710274,0.00127665020107,-0.00319050376216
385,0.0059738386727,0.00673748324064,0.00760920892174,0.00011250978085,-0.000468500397595,-0.00459493242178
386,0.0063391971533,0.0067693610266,0.00804615637666,-0.000119068750978,-0.00167988894087,-0.00423130837412
387,0.00658133540796,0.00671680446294,0.00815725459941,-0.000228324341764,-0.00276017225721,-0.00363067636095
388,0.00679840898005,0.00665643051872,0.00821005524898,-0.000256501049353,-0.00362552261616,-0.002782407667
389,0.00694717870678,0.00654528655929,0.00821039917919,-0.000199371469324,-0.00422911122645,-0.00175010824756
390,0.00701936654193,0.00647309893973,0.00821039928836,-7.43386160122e-05,-0.00453757187484,-0.000598917401306
391,0.00698505093217,0.00646978881635,0.00821005547655,6.67720289631e-05,-0.00453099854444,0.000596874375934
392,0.00681293731422,0.00648520243571,0.00815725464671,0.000172821981416,-0.00420571748734,0.00176417186851
393,0.00654985453032,0.00655870329433,0.00804615615212,0.000245800710165,-0.00357048063769,0.00282447609301
394,0.00606731320603,0.00664400816391,0.00760920852383,0.000274412941253,-0.00270319946608,0.00374507801416
395,0.00477962285192,0.00514914817418,0.00566070312161,0.000594163131601,-0.000807565843617,0.00340319825336
396,0.00282460700257,0.00461579061408,0.00395514989877,5.28191516135e-05,-0.000245896741739,0.00222587501185
397,0.00236022452148,0.00449136489666,0.00363475528944,-0.000323829301146,0.000253288998207,0.00218059605644
398,0.00236146334764,0.00397492728601,0.00347916166558,-0.000854820224677,0.000746101223126,0.0019730053562
399,0.00270285150253,0.00324951296932,0.0033663479443,-0.00114747723493,0.00121861599041,0.00168393095802
400,0.00321396452897,0.00256033014059,0.00333199522386,-0.00112531344352,0.00160802861289,0.0012826642064
401,0.00368841762561,0.00202631730344,0.00332772294268,-0.000818586282287,0.00188680463468,0.000795954070837
402,0.00398180915255,0.0017329257002,0.00332772311012,-0.000310416932129,0.00203199749275,0.000254086100531
403,0.00402510580469,0.00174918850664,0.00333199537723,0.00027962471404,0.00203392527851,-0.000306805418835
404,0.00383326146863,0.00211910265738,0.00336634787359,0.000810449663575,0.00189731762151,-0.000849019116443
405,0.00350512590795,0.0028312649108,0.0034791615646,0.00112606035021,0.00163264531505,-0.0013356224713
406,0.00317345423489,0.00367813551142,0.00363475509216,0.00108472544504,0.00130965298712,-0.00176180747208
407,0.00322666086654,0.00421373799949,0.00395515064796,0.000749195149709,0.0008999849845,-0.0020506128313
408,0.00435744313622,0.00557132720617,0.00566070240437,-0.00013707260807,0.00100222670714,-0.00335103902001
*Step  = 5
*Time  = 0.5
*Data  = sx;sy;sz;sxy;syz;sxz
265,0.00228849060758,0.00561250557801,0.00276932083114,-0.000170415441172,-0.000801879390607,-0.00230562498343
266,0.00276089411987,0.0050534145563,0.002875769359,-0.00061000778978,-0.00132142779605,-0.00215212707309
267,0.00339716459837,0.0044328998838,0.00312994655794,-0.000849987918778,-0.001731704403,-0.0018519069555
268,0.0039837722609,0.00389077208444,0.0032544690646,-0.00082156970848,-0.00208652795714,-0.00142972629707
269,0.00444065788656,0.00346486765822,0.0033027530168,-0.000564396743552,-0.00235103566779,-0.000927227233491
270,0.00468549210196,0.00322003252157,0.00330275279809,-0.000140330677671,-0.00249966998166,-0.000372515680428
271,0.00467202190748,0.00320252093437,0.00325446890946,0.000370514618103,-0.00252184895295,0.000194915326393
272,0.00439220949473,0.00343785424825,0.00312994679396,0.000873479955122,-0.00242565322086,0.000737946360073
273,0.00386230718658,0.00395200165974,0.00287576964019,0.00129769374857,-0.00222045356582,0.00120308307219
274,0.00326707812603,0.00463391739568,0.00276931976219,0.00152454850688,-0.00184726062569,0.00159579047761
275,0.00344586112036,0.00457404387843,0.00210053128963,0.00121450532506,-0.00125434210785,0.0023141352866
276,0.00363122153447,0.00515591319713,0.00182943901053,0.000173769889478,-0.000678511593372,0.00288590171651
277,0.00382463586998,0.00574627375998,0.0021427363007,-0.000583226057215,6.64462522093e-05,0.00295661053026
278,0.00404234144161,0.0055609556908,0.00189775112719,-0.00116793370529,0.000882086836028,0.00276493867496
279,0.00461146282429,0.00499664542542,0.00176419239738,-0.00153969034791,0.00160787942871,0.00238257009763
280,0.00533020574802,0.00424668534149,0.00168853226247,-0.00154186679772,0.00219779262834,0.00181702344741
281,0.00599295943081,0.00357556331502,0.00166214258642,-0.00115077731778,0.00261105400728,0.00111871475962
282,0.00638521327223,0.0031833105058,0.00166214348482,-0.000471373572061,0.00282059626431,0.000336691888249
283,0.00639462203592,0.00318227090151,0.00168853371415,0.000301755157936,0.00281185566428,-0.000474692129106
284,0.00604117048267,0.00356693857195,0.00176419279038,0.000936633543651,0.0025837492623,-0.00125942674616
285,0.00543345574667,0.00416984069253,0.00189775032263,0.00124154622541,0.0021463789145,-0.00195346404146
286,0.00481013363808,0.00476077540038,0.00214273563834,0.00112370673942,0.00153584958963,-0.00252727695822
287,0.00386190524242,0.00492522978334,0.00182943907919,0.000573325403988,0.000855342874116,-0.00283852014511
288,0.0026761133052,0.00534379088036,0.00210053071816,-0.000118736069618,7.07758934342e-05,-0.00263127080278
289,0.0020141674993,0.00538209413425,0.00366757509925,-2.47509815099e-05,-0.000915332517904,-0.00197310319223
290,0.00244840540923,0.00461443680886,0.00377412980684,-0.000500135197888,-0.00124685308508,-0.00183940796392
291,0.00329162508275,0.00424453904087,0.00421034889297,-0.000789135801817,-0.00151025059072,-0.001567375057
292,0.00385815064342,0.00372110010315,0.0042629096096,-0.000797163445423,-0.00179134682503,-0.00121443689732
293,0.00432629184294,0.00332333761812,0.00430057869314,-0.000563774119929,-0.00200995916307,-0.000789649479183
294,0.00456379549575,0.00308583248828,0.00430057816648,-0.000152404539738,-0.00213550024584,-0.000321123168083
295,0.00451425070401,0.00306499746665,0.00426290897732,0.000339237103837,-0.0021585699755,0.000156059856003
296,0.0042132647682,0.00332289804994,0.00421034897399,0.000807191320782,-0.00209160270999,0.000602261387799
297,0.00342304346224,0.00363979878273,0.00377413008283,0.00118798604279,-0.00199951045387,0.000969547663571
298,0.00287758468117,0.00451867799681,0.00366757494699,0.00147073050937,-0.00177925298383,0.00125109154213
299,0.00310786089401,0.00411241944287,0.00254628739042,0.00118397864781,-0.00121274671004,0.00229901195135
300,0.00347893758039,0.00508615605624,0.00225495954189,2.7470953841e-06,-0.000877457853133,0.00300761617798
301,0.00377990896393,0.00596877968963,0.00268395603597,-0.000674252783642,5.68945446747e-06,0.00300631844814
302,0.00378022773646,0.00548350820995,0.00223196644266,-0.00122982907274,0.000900946669315,0.00283325151443
303,0.00438373517228,0.00485783648987,0.00216378040551,-0.00157803720409,0.00164822674076,0.00243085862586
304,0.00510985981696,0.00406046962466,0.00210676342777,-0.00155700173508,0.00224850576708,0.00185244138268
305,0.00577902563585,0.00337914072009,0.00209447565675,-0.0011511945246,0.00266777839386,0.00114121036196
306,0.00617601850352,0.00298214855211,0.00209447631959,-0.000463582445204,0.00288096878176,0.000345572356074
307,0.00619591570454,0.00297441500965,0.00210676454699,0.000324101477225,0.00287348341546,-0.000480008375945
308,0.00586888172318,0.0033726905396,0.00216378074596,0.000994309901572,0.00264283527225,-0.00128107217836
309,0.00527111169507,0.00399262381915,0.00223196577362,0.00135245666965,0.00219686843508,-0.00200319483301
310,0.00491104638713,0.0048376416552,0.00268395540636,0.0012849352358,0.00150808664867,-0.00260070374021
311,0.00387836357696,0.00468673078984,0.00225496012185,0.000694571762823,0.000743907606325,-0.00304340111326
312,0.00233364386791,0.00488663565158,0.00254628665198,-0.000157003479864,9.92369151574e-05,-0.00259737596273
313,0.00105738207406,0.00383494357751,0.00413172728778,0.000350507376271,-0.000847958039574,-0.00124591510308
314,0.00303262006967,0.00490431875677,0.0058673860791,-0.00043429069929,-0.000853591323793,-0.0011817239534
315,0.00325888939477,0.0040969786659,0.00557551074734,-0.000775750696412,-0.000977356243284,-0.000978896645524
316,0.00396136071234,0.00376057007425,0.00572054026392,-0.000818008457074,-0.00114131762994,-0.000753719648085
317,0.00439014234176,0.00330833973728,0.00569117013482,-0.00059356429276,-0.00126778125203,-0.000491546014331
318,0.00463373277674,0.00306474757481,0.00569116953087,-0.000171652017281,-0.00134370377489,-0.000208199321926
319,0.00461957764896,0.00310234978572,0.00572053916899,0.000322059293703,-0.00136526978797,8.20816339288e-05
320,0.00414023044915,0.00321563533192,0.00557551022589,0.000750778315577,-0.00133586354435,0.000359071314683
321,0.0038766520788,0.00406028757128,0.00586738693194,0.00102761410108,-0.00133009380043,0.000596607441969
322,0.00144822465909,0.00344410206016,0.00413172740306,0.00102746557812,-0.00135731084983,0.000655015185475
323,0.00258869504393,0.00407166140514,0.00323421297071,0.000880342802121,-0.000928611088469,0.00229518678203
324,0.00366514292798,0.00622268522896,0.00311103870994,-0.000164465201106,-0.0010891508379,0.00320805535034
325,0.00313376334407,0.00576175799604,0.00259993732019,-0.000642935192133,5.09878004463e-05,0.0030008980063
326,0.003527091158,0.00544274302214,0.00267402442134,-0.00123197258192,0.000930098608422,0.00285474298251
327,0.00409944184999,0.00465640833092,0.00258264326353,-0.00158420050652,0.00166532645779,0.00243491344127
328,0.00485425413289,0.00384918216887,0.00256573645163,-0.0015502711544,0.00226443841013,0.00185669616765
329,0.00551607246745,0.00316022363509,0.00255821375746,-0.00113837573877,0.00268198567802,0.00114440267022
330,0.00591297300368,0.00276332378102,0.00255821439058,-0.000450923714468,0.0028948687655,0.00034991139956
331,0.00594556066992,0.00275787665237,0.00256573741384,0.00033992658823,0.00288940881184,-0.000475726770412
332,0.00561064210833,0.00314520840881,0.00258264348893,0.00103327323264,0.00265967142433,-0.00127603390419
333,0.00507292433621,0.00389690946077,0.00267402385233,0.00144548781823,0.00223286047225,-0.00200723108688
334,0.00434755972409,0.00454796044667,0.00259993645697,0.00145942267037,0.00154460593433,-0.00257336043709
335,0.00444696000343,0.00544086834051,0.00311103960953,0.00118967961755,0.000660795698971,-0.00332283300097
336,0.00219703604826,0.00446331766241,0.00323421194991,0.000201971005992,0.000343392937474,-0.00245199561368
337,0.00873379156395,0.0111605945055,0.0135480438342,-0.000166238212165,-0.000246357534887,-0.00305507475452
338,0.0114654238651,0.0132247808915,0.01613497887,-0.000648590144604,-0.00119947206426,-0.00277211246492
339,0.0115493715513,0.012262142293,0.0157160579175,-0.00102814337451,-0.0018691177921,-0.00236700283158
340,0.0122609774266,0.0117383182964,0.0157809840406,-0.00106149357359,-0.00240366326333,-0.00182325011722
341,0.0127041441322,0.0111567672318,0.0156959717059,-0.000779108595166,-0.00278946242471,-0.00115167864691
342,0.0129920278353,0.0108688835972,0.0156959717731,-0.000280479419257,-0.00299158468922,-0.000397348244515
343,0.0130495932169,0.0109497028757,0.015780984177,0.000304428705123,-0.00299325846757,0.000377149217881
344,0.012617962504,0.0111935513815,0.0157160579079,0.000822710359886,-0.00280220481772,0.00111532565189
345,0.0124669589243,0.0122232463573,0.0161349792888,0.00108611889732,-0.00242482959041,0.00180098382602
346,0.00948445666115,0.0104099251246,0.0135480416774,0.00113395567996,-0.00174088933356,0.0025225935711
347,0.00741816151106,0.00716669095074,0.00804221317683,0.00156555409227,7.00455328895e-05,0.00359771240899
348,0.00672345260658,0.00897568664485,0.00627069383737,0.000247399237929,-0.000430997830179,0.00321348411013
349,0.00257083076253,0.00550860331755,0.00285789340314,-0.000555708323168,0.000167601566112,0.00300354942954
350,0.00327489423585,0.00527993812422,0.00313457815853,-0.0012264447176,0.000927994684334,0.00281270801047
351,0.00379886192838,0.004419923597,0.00304077544765,-0.0015673507665,0.00165566316845,0.00239458185997
352,0.00457962070946,0.00362976076631,0.00306820466207,-0.00152563150191,0.00223948809056,0.0018226571663
353,0.00521806433576,0.00292773021113,0.00305523697379,-0.00111511274135,0.00264625416824,0.00112526398671
354,0.00561119707845,0.00253459784476,0.00305523742576,-0.000434186576603,0.00285435498607,0.000348620246323
355,0.00566339152072,0.00254599048143,0.00306820532888,0.000351514281645,0.00285078164097,-0.000458723277852
356,0.00531149353071,0.00290729209062,0.00304077554535,0.00105260244764,0.00263113695449,-0.00124593737816
357,0.00483828813864,0.00371654390937,0.00313457764742,0.0014814317555,0.00221002094005,-0.0019718797248
358,0.00378653148667,0.00429290251146,0.00285789297986,0.00154994700205,0.00164692216238,-0.00251734981292
359,0.00707225760476,0.00862688301864,0.0062706945814,0.000851545700271,0.00123348728686,-0.00299845796939
360,0.0059994826469,0.00858537001253,0.00804221161225,-0.000891667139258,0.0018595175906,-0.00308068764964
361,0.00891627829911,0.0102213826704,0.0114574320852,0.000172029973534,-0.00045762355346,-0.00517123721573
362,0.00858561150279,0.00928282613428,0.0112502124167,-0.000177456589726,-0.00187803147455,-0.00470110194176
363,0.00940608019751,0.00967068664554,0.0118644536933,-0.000329635156739,-0.0030848875184,-0.00401935006838
364,0.00962870432697,0.00945514822782,0.0118437821243,-0.00036852514826,-0.00403198769667,-0.00308041794503
365,0.00982599709319,0.00927341697927,0.0118295225688,-0.000278888433183,-0.0046957041983,-0.00194095006244
366,0.00992937650025,0.00917003751569,0.0118295225015,-9.98299646813e-05,-0.00503707415837,-0.000666940012343
367,0.00990446739479,0.00917938505707,0.011843782123,0.000109110574561,-0.0050320127664,0.000651726231242
368,0.00975770421033,0.00931906262282,0.0118644537882,0.000279395523719,-0.00468126597551,0.00193841555577
369,0.00891359672249,0.00895484019641,0.0112502119981,0.000390630992459,-0.00397697388323,0.00313225802992
370,0.00909357145937,0.0100440883356,0.011457431423,0.000479111870917,-0.00298193229568,0.00424961100451
371,0.00680534822758,0.00695087594306,0.00747518402257,0.000951809251312,-0.000618989571679,0.00425457565254
372,0.00320635082489,0.00531906343932,0.00385769629409,-9.21013469692e-06,-0.000317785310534,0.00297460953134
373,0.00370990059265,0.00652891827242,0.00462482177735,-0.000441166960217,0.000283618892282,0.00291849489564
374,0.00298988193522,0.0050792885101,0.0036613881948,-0.00116994990654,0.00094990132379,0.00268352064854
375,0.00358606713714,0.00425636602495,0.00362548611456,-0.00152677445328,0.0016151126177,0.00229357915041
376,0.00426892649853,0.00337623566116,0.00358634565619,-0.0014869354938,0.00216139443551,0.00174414010979
377,0.00491192141586,0.00270254617906,0.00359727270321,-0.00108266454605,0.00254652366159,0.00107893870249
378,0.0052971927249,0.0023172748297,0.00359727292617,-0.000415354560818,0.00274482316962,0.000338873834378
379,0.00533347761793,0.00231168445362,0.00358634599519,0.000356921255364,0.00274389198708,-0.000429772327329
380,0.00507586777037,0.00276656528511,0.00362548614037,0.00105363469906,0.00254551778966,-0.00117874171308
381,0.00452544052465,0.00354372975091,0.00366138782618,0.00148971439573,0.00216439898958,-0.00184904684916
382,0.00479671711787,0.00544210228675,0.00462482162358,0.00144125390689,0.0017048689249,-0.00238568176089
383,0.00374250606902,0.0047829096469,0.00385769734494,0.000919435729218,0.00121209501665,-0.00273498024945
384,0.00601743780912,0.00773878513146,0.00747518258087,-0.000412889586181,0.00159122731953,-0.00399406536808
385,0.00747445804414,0.00843039443575,0.00957700817307,0.000137229563048,-0.0005929962146,-0.00573406868988
386,0.00791467492052,0.00845263885892,0.0101031549706,-0.000148987596083,-0.00209682769918,-0.00528018868453
387,0.00821029255745,0.00837919081714,0.0102375713932,-0.000283168391832,-0.00344348690352,-0.00453069795857
388,0.00847726034828,0.00830249182908,0.010303079237,-0.000316967397263,-0.00452308061556,-0.00347169796711
389,0.00866082264136,0.00816516899155,0.0103042447021,-0.000246054013503,-0.00527603809926,-0.00218344940901
390,0.00874999841505,0.00807599351176,0.0103042448479,-9.15972382824e-05,-0.00566090772177,-0.000747096384875
391,0.00870807023728,0.00807168229424,0.0103030795397,8.28066863607e-05,-0.00565295172919,0.000745038277906
392,0.00849774811422,0.00809173512558,0.0102375714598,0.000214719265153,-0.00524749613036,0.00220195612504
393,0.00817819275684,0.00818912055292,0.0101031546754,0.000307438905222,-0.00445600033513,0.00352436371741
394,0.00759459748907,0.00831025428041,0.00957700766183,0.000345317864536,-0.00338058414331,0.00466935105463
395,0.00595337363147,0.00643102929774,0.00711668048746,0.000755590418808,-0.00102050279531,0.00425585661051
396,0.00348852136828,0.00577461619149,0.00497408818206,7.3570109052e-05,-0.000310804180965,0.00279453650579
397,0.00291403397456,0.00562911200427,0.00457892682003,-0.000412463408561,0.000316516344987,0.00273222111193
398,0.00292300810998,0.00497882144433,0.00438333927721,-0.00108878021997,0.00093267215432,0.00247018341985
399,0.00336181057763,0.00405891978058,0.00424069844718,-0.0014617207527,0.00152284959606,0.00210714477348
400,0.004014929393,0.00318294365219,0.00419684633203,-0.00143368297376,0.00200948940985,0.00160444531391
401,0.00462017128594,0.00250292822052,0.00419102755571,-0.00104294614546,0.00235800884253,0.000995201189005
402,0.00499407848918,0.00212902091961,0.00419102775774,-0.000395319456683,0.00253969578374,0.000317135206375
403,0.00504853862814,0.00214933396171,0.00419684650842,0.000356581071825,0.0025424909515,-0.00038474561652
404,0.00480197539228,0.00261875452761,0.00424069834928,0.00103271711561,0.00237239848407,-0.00106341626719
405,0.00437987347071,0.00352195632213,0.00438333915603,0.0014345832222,0.00204280951848,-0.00167290593432
406,0.00395000755499,0.00459313885958,0.00457892659181,0.00138189491225,0.00164022207634,-0.00220791522394
407,0.0039963323629,0.00526680679696,0.00497408914356,0.000953122370873,0.00112810433257,-0.00257554189572
408,0.00541842618754,0.0069659758895,0.0071166795778,-0.000170964510117,0.00124414712164,-0.00419593128793
*Step  = 6
*Time  = 0.6
*Data  = sx;sy;sz;sxy;syz;sxz
265,0.00271929531202,0.00676757941995,0.00333241827776,-0.000210928957795,-0.000957780559055,-0.00276583337752
266,0.00329316119672,0.00608774947319,0.00346690492537,-0.000745905207125,-0.00158938656828,-0.00258413392709
267,0.00406688644607,0.00532733794566,0.0037747694354,-0.00103796865484,-0.00208469272287,-0.00222480314583
268,0.00478108914594,0.00466460885205,0.00392596150787,-0.001003752001,-0.00251149485283,-0.00171817651519
269,0.00533811237385,0.00414361071042,0.00398433568988,-0.000690051732911,-0.00282941325113,-0.0011150679186
270,0.00563708910672,0.00384463284666,0.00398433541323,-0.000172207896893,-0.00300787740483,-0.00044902971192
271,0.00562124312386,0.00382445302286,0.00392596129819,0.000451438578164,-0.00303410609102,0.000232237096117
272,0.00528090646979,0.00411331700894,0.00377476971289,0.00106477517549,-0.00291779810422,0.000884389797208
273,0.00463778200266,0.00474312888436,0.0034669052843,0.00158304407001,-0.00266851609229,0.00144323265701
274,0.00391403578087,0.00557283815046,0.0033324169898,0.00185842302655,-0.00221237924497,0.00191639213862
275,0.00412817939633,0.00552478959143,0.00255985410738,0.00147850229687,-0.00149996246403,0.00278931206742
276,0.00434616206152,0.00623504130514,0.00225563686184,0.00021822716979,-0.000813481221169,0.00348487540896
277,0.0045849229598,0.00695475238788,0.00263158592247,-0.000709301089758,7.93116084957e-05,0.00356795265298
278,0.00485327483349,0.00672702308652,0.00233347101213,-0.00142886188297,0.0010613700201,0.00333620009458
279,0.00555447545021,0.00603494035057,0.00217187890479,-0.00188646422366,0.00193632618711,0.00287402074056
280,0.00643848119206,0.00511511878898,0.00208050533028,-0.00188954940067,0.00264747112382,0.00219112869689
281,0.00725218787619,0.00429223042805,0.00204868583985,-0.00140994120959,0.00314567464202,0.00134846263175
282,0.00773324400455,0.00381117557649,0.00204868694574,-0.000576727352629,0.00339846520416,0.000405034779615
283,0.00774403907435,0.00380956318524,0.00208050711259,0.000371741793485,0.00338834122323,-0.000573837527579
284,0.00730831890403,0.00428109788292,0.00217187938322,0.00115127879557,0.00311391777071,-0.00152081216541
285,0.00655914317301,0.00502115388988,0.00233347002528,0.00152578787948,0.00258727340656,-0.00235854942781
286,0.00579165271643,0.00574802188866,0.00263158511299,0.00138081690772,0.00185266241663,-0.00305028214484
287,0.00462939149924,0.00595181220317,0.0022556369414,0.000708794500765,0.0010379426613,-0.00342473142586
288,0.00319691014386,0.00645605785778,0.00255985341743,-0.000134502263239,9.56509089716e-05,-0.00316559610293
289,0.00239213340403,0.00649733718425,0.00441648145048,-3.56586602461e-05,-0.00109837921513,-0.00236472313279
290,0.00289107506074,0.00552849696669,0.00452299911177,-0.000609745406819,-0.00150253129035,-0.0022071722884
291,0.00392847608695,0.00508630152355,0.00506701925587,-0.000961901117093,-0.00181862392723,-0.00188168890649
292,0.004613784549,0.00444404460132,0.00512778777011,-0.000972313992314,-0.00215613619066,-0.00145889940996
293,0.00518453546126,0.00395910113519,0.00517440505674,-0.000688078460306,-0.0024186450922,-0.000949374719803
294,0.00547406969263,0.00366956510012,0.00517440440823,-0.000186589006403,-0.0025692952176,-0.000387140039082
295,0.00541339683002,0.00364442916805,0.00512778698224,0.000412657447379,-0.00259671800906,0.000185375932313
296,0.00505096268727,0.00396381331914,0.00506701934217,0.000982303153653,-0.00251581872837,0.00072027851389
297,0.00407848606107,0.00434108600615,0.00452299946424,0.00144690907455,-0.00240481644216,0.00116020185239
298,0.00344931631942,0.00544015554885,0.00441648128226,0.00179543472557,-0.00213358608701,0.00149872108382
299,0.00369938074551,0.00493930793223,0.00307832335237,0.00143926960494,-0.00145573112695,0.00276650226201
300,0.00417265049492,0.00617196608638,0.00278462244711,1.24158353436e-05,-0.00105761115025,0.00362910678163
301,0.00451958258141,0.0072185164566,0.0032735750434,-0.000819184875024,2.87970561612e-06,0.00362717690839
302,0.00453551823902,0.00663503678066,0.00273525386003,-0.00150456814631,0.00108202543019,0.00341668086742
303,0.00527653052511,0.0058643127568,0.00265008402646,-0.00193314324334,0.00198297224492,0.00293043838675
304,0.00616962333434,0.00488745447171,0.00258177734058,-0.00190759208545,0.0027063232227,0.00223236243732
305,0.00699036165261,0.00405218673714,0.0025666797356,-0.00141010984164,0.00321154361356,0.00137461791726
306,0.00747700935197,0.00356553991091,0.00256668055233,-0.000567210982129,0.0034685869948,0.000415318171424
307,0.00750110478927,0.0035559745941,0.00258177871308,0.000398600504747,0.00345992540237,-0.000580120925257
308,0.00709762835973,0.00404321565888,0.00265008443927,0.00122108806697,0.00318252320053,-0.00154634824733
309,0.00636339286849,0.00480716161455,0.00273525304168,0.00166140233959,0.0026454019096,-0.00241792018509
310,0.00590375058285,0.0058343476792,0.00327357427192,0.00157826510955,0.00181608261275,-0.00313978788614
311,0.0046617274727,0.00568288997084,0.00278462315264,0.000859520264096,0.00089863564805,-0.00367170445209
312,0.00276291720796,0.00587577048216,0.00307832246236,-0.000182731523175,0.000122551491814,-0.00312372662781
313,0.0011227765666,0.00450657063472,0.0048619151714,0.000421540156988,-0.00102959542396,-0.0014905190884
314,0.00359865418736,0.00586995851731,0.00705121028024,-0.000530004570545,-0.0010300288735,-0.00141772138264
315,0.0038543743419,0.00486949452634,0.00668168483346,-0.000944702042437,-0.00117742687914,-0.00117497989233
316,0.0047129354147,0.0044654306439,0.00686473522775,-0.000996221612071,-0.00137441959543,-0.00090548693388
317,0.00523254117699,0.00391301173225,0.00682806524555,-0.000723229920649,-0.00152624034367,-0.000591096101574
318,0.00552899348508,0.00361655732765,0.00682806450863,-0.000209757918965,-0.0016173109527,-0.00025121596969
319,0.0055138106129,0.00366455137997,0.00686473389174,0.000390938048515,-0.00164302562654,9.69649944911e-05
320,0.00492628905297,0.003797577047,0.00668168419453,0.000911910548527,-0.00160717139193,0.000428849086451
321,0.00462547837794,0.00484313533415,0.00705121132611,0.00124850523737,-0.00160089192601,0.000712768468346
322,0.00160366118271,0.00402568726623,0.00486191530129,0.00125445556362,-0.00163691545623,0.000776029779849
323,0.00318644094659,0.00501408115699,0.00402195481869,0.00108517266844,-0.00113365507643,0.00275031460167
324,0.00433440288712,0.00749730924556,0.00375855511911,-0.000179219347802,-0.00131727373863,0.00386681711761
325,0.00375327509919,0.00698762099054,0.00318598789509,-0.000781119407526,5.64010394212e-05,0.00362007526854
326,0.00422078768747,0.00657664016018,0.00325895051697,-0.0015073147176,0.00111622733963,0.00343991073273
327,0.00493082166244,0.00561819094227,0.00315250304305,-0.00193990855655,0.00200197124809,0.00293318537068
328,0.00585568995468,0.0046276946924,0.0031305490109,-0.00189855038615,0.00272337058493,0.00223580448088
329,0.00666725245346,0.00378386370152,0.00312142168493,-0.00139387376607,0.00322616102267,0.00137741686113
330,0.00715353588461,0.00329758110782,0.00312142245505,-0.0005516059882,0.00348264546445,0.000420202946852
331,0.00719288439913,0.00329050150907,0.00313055018282,0.000417537567817,0.00347640978542,-0.000574578096988
332,0.00678267500007,0.00376633802538,0.00315250331741,0.00126759319446,0.00320035025592,-0.00153922771769
333,0.00611512444446,0.00468230291939,0.00325894981858,0.00177377133192,0.00268663654341,-0.00242093696713
334,0.0052383302092,0.00550256442833,0.00318598684274,0.00179107257402,0.00185888261148,-0.0031068771576
335,0.00528033851818,0.0065513737872,0.00375855621053,0.00145918672479,0.000792616435243,-0.00400739891029
336,0.00270356226631,0.00549695650188,0.00402195358037,0.000248804031041,0.00039338362593,-0.00294866986672
337,0.0102724803574,0.0131727649069,0.016062828959,-0.000212046381744,-0.000283807321115,-0.0036284485424
338,0.0135588922446,0.0156529594889,0.0191784763188,-0.00077914923625,-0.00142255893298,-0.0032934228243
339,0.0136550992448,0.0145014632167,0.0186733729872,-0.00122733430874,-0.00221935558829,-0.00281068009861
340,0.0145065289666,0.0138821051675,0.018754894152,-0.00126585633564,-0.00285409232361,-0.00216479455909
341,0.0150343765932,0.0131891549638,0.0186535520508,-0.000928988836727,-0.00331205438775,-0.00136739053854
342,0.0153775992411,0.0128459324195,0.0186535521423,-0.000334509816699,-0.00355201855817,-0.000471832252757
343,0.0154466869736,0.0129419476172,0.0187548943192,0.000362544685256,-0.0035541136908,0.000447720836289
344,0.014929592912,0.0132269695917,0.0186733729655,0.000980153369101,-0.00332735826378,0.00132444253269
345,0.0147571724261,0.0144546799747,0.0191784768346,0.00129633219969,-0.00287868367944,0.00214090841569
346,0.0111811864179,0.0122640536039,0.0160628263149,0.00136188333468,-0.00206000870409,0.00300042494264
347,0.00884857435406,0.00855503666434,0.00962988448204,0.00191198189664,8.78834159545e-05,0.00432238942726
348,0.00807170537413,0.0108565089577,0.00761963873346,0.000313976468401,-0.000518923758896,0.00388172709691
349,0.00304725806208,0.00665343804018,0.00346949913342,-0.000676711969316,0.000196696976023,0.00361835214713
350,0.00391735525836,0.0063795199941,0.0038149599224,-0.00149979032781,0.00111328907299,0.00338706073502
351,0.00456089801268,0.00532515713314,0.00369830306941,-0.00191811523672,0.00198899183309,0.00288211705408
352,0.00551763047343,0.00435724169801,0.00373113164105,-0.0018673561042,0.00269134284139,0.00219300605316
353,0.0062998102132,0.0034977228963,0.00371486991121,-0.00136472770771,0.00318065670126,0.00135326907357
354,0.00678117762689,0.00301635594917,0.00371487045862,-0.000530974541738,0.00343116361962,0.000418363403253
355,0.00684471129459,0.00303016153026,0.00373113244575,0.000431214910987,0.00342727365719,-0.000553527427606
356,0.00641310005504,0.00347295521143,0.003698303183,0.00128999087902,0.00316357556253,-0.00150149096944
357,0.00583175375967,0.00446512110335,0.0038149592978,0.00181604368423,0.00265766693822,-0.00237663669738
358,0.00453485288012,0.00516584311081,0.00346949862406,0.00189987774282,0.00197952093701,-0.00303523699843
359,0.00849599528734,0.0104322207131,0.00761963964055,0.0010488663272,0.00149146276795,-0.00362113637681
360,0.00711936309076,0.0102842482549,0.00962988259968,-0.001083096712,0.00223730422893,-0.00369935744134
361,0.0106892467097,0.0122569080324,0.013784723323,0.000196821771737,-0.000550589025646,-0.00618397007545
362,0.0102696102275,0.0110972740734,0.0135116918103,-0.000212068336211,-0.00224366317738,-0.00562206360426
363,0.0112439662418,0.0115536270013,0.0142463894911,-0.000384560950805,-0.0036875713554,-0.00480628536544
364,0.0115033957246,0.0113016154536,0.0142222503279,-0.000429578750189,-0.00482008321068,-0.00368275689915
365,0.0117398102033,0.0110900078046,0.0142045373822,-0.000328107920969,-0.00561350659943,-0.00232027419561
366,0.0118615093704,0.0109683085885,0.0142045373102,-0.000117318687659,-0.00602157642059,-0.000797336877632
367,0.0118249767208,0.0109800343596,0.014222250338,0.000127415949069,-0.00601569298406,0.000779319286844
368,0.0116544209631,0.0111431722632,0.0142463895986,0.000326367505355,-0.00559667313374,0.00231857960719
369,0.0106601822925,0.010706701069,0.0135116913226,0.000464422956187,-0.00475410104264,0.00374701839103
370,0.0109107086176,0.0120354446252,0.0137847224794,0.000580406495492,-0.00356880919625,0.00508018065058
371,0.00814810140342,0.00832872982634,0.00900563744742,0.00116533597203,-0.000750826241324,0.00510945122466
372,0.00382265625634,0.00641741902004,0.00468838598673,2.11845640247e-06,-0.000384127837941,0.0035889317745
373,0.00442428399991,0.00787836017003,0.00560282946924,-0.000537722384541,0.000340130567422,0.00351369931596
374,0.00356256270527,0.00612228404541,0.00443884749448,-0.00143035396648,0.00113997911132,0.00322842477962
375,0.00429656334065,0.00511888763763,0.00439659735743,-0.00186735492746,0.00193901484976,0.002758147573
376,0.00513403484592,0.00404361843404,0.00434869152334,-0.00181889193535,0.00259540584109,0.00209665951831
377,0.00592107367972,0.00321921804575,0.00436129473448,-0.00132433530882,0.00305823534334,0.00129641835164
378,0.00639251793302,0.00274777374782,0.00436129499855,-0.000507769287096,0.00329671822507,0.000406386855146
379,0.0064366372598,0.00274101592022,0.0043486919224,0.000437281783717,0.00329601646408,-0.000518057365425
380,0.0061193217681,0.0032961290803,0.00439659738013,0.00128975376465,0.00305830948015,-0.00141911870641
381,0.00544121665315,0.00424362988703,0.00443884704793,0.00182356866851,0.00260146324276,-0.00222590888798
382,0.00575348466979,0.00654916017421,0.0056028293014,0.00176452001522,0.00205141175441,-0.0028728881893
383,0.00446951339312,0.00577056370078,0.00468838728931,0.00112250511717,0.00146180192397,-0.00330017022176
384,0.00718404628429,0.00929278345519,0.00900563567624,-0.000504453986878,0.0019044912626,-0.00480032767211
385,0.00898075148342,0.0101290055288,0.0115723177818,0.000160594930372,-0.000720338988716,-0.00687015419945
386,0.00948377431245,0.0101292890091,0.0121746873957,-0.000178638092417,-0.00251309022866,-0.00632621869255
387,0.00983668709901,0.0100390254404,0.0123372811226,-0.000337033379248,-0.00412484715062,-0.0054283016246
388,0.0101520075472,0.00994519666133,0.0124150795852,-0.000375935736076,-0.0054178014652,-0.00415917026064
389,0.0103646184303,0.00977801145614,0.0124130046675,-0.000291196035723,-0.00631964989659,-0.0026156116835
390,0.0104701500601,0.009672480205,0.012413004853,-0.000108410139577,-0.00678078318543,-0.000894638779477
391,0.0104258749832,0.00967132968689,0.0124150799648,9.841609775e-05,-0.00677153886669,0.000893046315622
392,0.0101791511179,0.00969656123264,0.0123372811892,0.000256131722569,-0.00628637324708,0.00263862359412
393,0.00979985793478,0.00981320489033,0.0121746870703,0.000368834974415,-0.00533950924857,0.00422212102511
394,0.00912873523107,0.00998102085852,0.011572317135,0.000416911182291,-0.00405890898022,0.00558955858169
395,0.00712103157859,0.00771253836652,0.0085901324346,0.000922271188984,-0.00123782531871,0.00510955391375
396,0.00413756921794,0.00693742011924,0.00600665806191,9.74406130907e-05,-0.000377243411174,0.00336793684482
397,0.00345485761646,0.00677463251322,0.00553817628812,-0.000504221626384,0.000379469323262,0.00328651408152
398,0.00347484828693,0.00598859122063,0.0053022370667,-0.00133091698727,0.00111915989366,0.00296908454355
399,0.00401623581561,0.00486918753666,0.00512940337897,-0.00178688260614,0.00182693874686,0.00253141867695
400,0.00481711118768,0.00380078952179,0.00507581091565,-0.00175276595248,0.00241084402489,0.0019268134894
401,0.00555795457638,0.00296987869392,0.0050682814218,-0.00127509825194,0.00282918111766,0.0011946360883
402,0.00601520321704,0.00251262993294,0.00506828165541,-0.000483119855087,0.00304746030619,0.000380005727537
403,0.00608097035256,0.0025369298002,0.00507581110839,0.000436302756868,0.00305125819519,-0.000463247320026
404,0.00577695973149,0.0031084630861,0.00512940324922,0.00126277974061,0.0028478842843,-0.00127880371179
405,0.00525589279782,0.00420754700434,0.00530223692689,0.00175394090749,0.00245376320535,-0.00201172321367
406,0.00472147043022,0.00550802025383,0.00553817603615,0.00168961544059,0.00197188751692,-0.00265647064869
407,0.00475314696042,0.00632184434875,0.00600665924879,0.00116364988157,0.00135726654098,-0.00310534081868
408,0.00647019694992,0.00836337198422,0.00859013133053,-0.000205005994066,0.00148278900084,-0.00504391609758
*Step  = 7
*Time  = 0.7
*Data  = sx;sy;sz;sxy;syz;sxz
265,0.00314185156813,0.00793633499541,0.00389853545418,-0.000254120094506,-0.00111231734179,-0.0032263592845
266,0.00382070600274,0.00713270886388,0.00406459987443,-0.00088695893819,-0.00185880217145,-0.00301688109171
267,0.00473548175593,0.00622678907457,0.00442733846404,-0.00123231020172,-0.00244014149015,-0.00259863861661
268,0.00558076813567,0.00543911158003,0.00460578389385,-0.00119225203385,-0.00293921032443,-0.00200750587674
269,0.00624097232265,0.00481944069545,0.00467436577008,-0.000820235005219,-0.00331067232682,-0.00130374204489
270,0.00659593354534,0.00446447812109,0.00467436542963,-0.000205422998569,-0.00351899699057,-0.000526262711472
271,0.00657787372223,0.00444200377342,0.00460578361981,0.000534786955829,-0.00354918313129,0.000268945937955
272,0.00617552042783,0.00478674930416,0.00442733878069,0.00126190932224,-0.00341254343324,0.00103041645327
273,0.00541683674101,0.00553657839569,0.0040646003205,0.00187761787649,-0.00311821042567,0.00168329495806
274,0.00456054641782,0.00651763920581,0.00389853394304,0.00220313240762,-0.00257647503079,0.00223795097125
275,0.00480879664252,0.00648995473885,0.00303174328626,0.0017500041116,-0.00174443320843,0.0032685710933
276,0.005056921045,0.0073312948197,0.00270033883521,0.000266246351595,-0.00094814272633,0.00409095587276
277,0.00534296361239,0.00818474663461,0.0031387347984,-0.000838655467351,9.21891335624e-05,0.00418631033108
278,0.00566438217921,0.00791292068916,0.00278556095641,-0.00170006779006,0.00124182605689,0.00391393859873
279,0.00650466740261,0.0070874118386,0.00259525048903,-0.00224810028133,0.00226738381109,0.00337082290665
280,0.00756228748136,0.00599013207928,0.00248788708603,-0.0022523227572,0.00310094156202,0.00256911055148
281,0.00853403069121,0.00500876424322,0.00245054585348,-0.00168024999684,0.00368492755241,0.00158041535854
282,0.00910785395589,0.00443494251641,0.00245054718043,-0.000686358703497,0.00398144823829,0.000473784352677
283,0.00911981818725,0.00443260410783,0.00248788921787,0.000445397904935,0.00397004900181,-0.000674444193563
284,0.00859726699836,0.00499481341775,0.00259525105514,0.00137638502467,0.00364902311447,-0.00178552671115
285,0.00769881939461,0.00587848244287,0.00278555977709,0.00182367980979,0.00303242215997,-0.00276865771175
286,0.00677970586167,0.00674800348277,0.00313873383671,0.00164985602261,0.00217299356139,-0.00357935689768
287,0.00539493824847,0.00699327799149,0.00270033892609,0.00085170882292,0.00122436267966,-0.00401694329075
288,0.00371353668092,0.00758521353705,0.00303174247524,-0.000147040521597,0.000123562646464,-0.00370288192425
289,0.00276345386017,0.00762858013603,0.0051718013415,-4.89660618891e-05,-0.00128147911785,-0.00275567209272
290,0.00331968581048,0.00644129252191,0.00527121298825,-0.000722611733438,-0.0017605726845,-0.0025748085507
291,0.00456006767281,0.00592767309078,0.00593031220914,-0.00113965098156,-0.00212923235553,-0.00219613887072
292,0.00536579757117,0.00516168192835,0.00599835057028,-0.00115277157085,-0.00252309430707,-0.00170374662691
293,0.00604220823215,0.00458692386442,0.00605439253032,-0.000816299207239,-0.00282947379576,-0.00110962311479
294,0.00638532225933,0.00424380769394,0.00605439175335,-0.000222006544499,-0.00300520746082,-0.000453775233675
295,0.00631309651228,0.00421437923327,0.00599834961516,0.000488001121796,-0.00303693658264,0.000213940797051
296,0.00588893505312,0.00459880379188,0.00593031229615,0.00116201538023,-0.00294203844641,0.000837295974088
297,0.00472588821832,0.00503509017068,0.00527121342605,0.00171300025253,-0.00281210498082,0.00134956354453
298,0.00402214207221,0.00636989345019,0.00517180116198,0.00213114453041,-0.00248762978013,0.00174574294048
299,0.00428121700412,0.00576879546895,0.00361728089326,0.00170081449629,-0.00169946972963,0.00323629428426
300,0.00486533217211,0.00728153317683,0.00333878910208,2.54114054658e-05,-0.00123933099146,0.00425706588323
301,0.00525296854443,0.00848883544737,0.00387883324171,-0.00096776351998,-1.22136752163e-06,0.00425504495973
302,0.00529001125008,0.00780664802747,0.00325498214897,-0.00179015984695,0.00126354242259,0.004006218475
303,0.00617503326412,0.00688342637161,0.00315158645849,-0.00230316277408,0.00231972445339,0.00343499695734
304,0.00724323022122,0.00571950347198,0.00307192404143,-0.00227292075346,0.0031673135626,0.00261584132775
305,0.00822213297885,0.00472367477218,0.00305382947574,-0.00167979865365,0.00375929781875,0.00161000584085
306,0.00880226731106,0.00414354150001,0.00305383045652,-0.00067497613582,0.0040606499523,0.000485343435332
307,0.00883070619906,0.00413202939559,0.00307192568094,0.000476667176491,0.00405089410229,-0.000681728208533
308,0.00834673034398,0.00471173017004,0.00315158694514,0.00145832373293,0.00372643838735,-0.0018149327444
309,0.00746949524894,0.00562716338079,0.00325498117364,0.00198481570428,0.00309736902957,-0.00283771633088
310,0.00690004259432,0.00684176044385,0.00387883232283,0.00188505325973,0.00212646505492,-0.00368558818122
311,0.00544737608626,0.00669949025765,0.00333878993989,0.00103353899011,0.00105524127576,-0.00430639294814
312,0.00318016154745,0.00686984976411,0.00361727984924,-0.000206268002281,0.000146363787272,-0.00365244772669
313,0.00113864922016,0.00514539419341,0.00555861838902,0.000492455313566,-0.00121533846737,-0.00173323552481
314,0.00415312651241,0.00683200996144,0.00824018932494,-0.000628598774007,-0.00120837256014,-0.00165313893175
315,0.00443256228044,0.00562777655566,0.00778619290503,-0.00111807350185,-0.0013788445896,-0.00137067544591
316,0.00545239048076,0.00515612178547,0.00801035842444,-0.00117916170493,-0.00160877329819,-0.00105719363859
317,0.00606440689241,0.00450025387502,0.00796587030671,-0.000856449717464,-0.00178584029266,-0.000690818708357
318,0.00641507488686,0.00414958340551,0.00796586943205,-0.000249073107333,-0.00189199240014,-0.00029465363991
319,0.00639950513157,0.00420900233713,0.0080103568386,0.000461292685522,-0.00192183520773,0.000111170022175
320,0.00569964436713,0.00436069119878,0.00778619214339,0.00107657923021,-0.00187945199138,0.000497617569627
321,0.00536723070027,0.00561790697293,0.00824019057245,0.00147428915362,-0.00187305087446,0.000827474236917
322,0.00171385731301,0.00457018751892,0.00555861853138,0.00148874361631,-0.00191913189514,0.000893356881548
323,0.0038159762547,0.00600397662332,0.00486005498944,0.00129993873347,-0.00134528906039,0.00320363774236
324,0.00498136649896,0.00878445459069,0.00441207294444,-0.000187063726583,-0.00154870913538,0.00453132414988
325,0.00437001325814,0.00824108052791,0.00379257514298,-0.00092292188028,6.01909853196e-05,0.00424606862326
326,0.00491036525956,0.00772747084784,0.00385835444593,-0.0017934849948,0.00130249519465,0.00403039914008
327,0.00576655260481,0.00659110582321,0.00373786249978,-0.00230997050209,0.0023401121298,0.00343578516387
328,0.00686834310416,0.00540922355586,0.00371011664084,-0.00226082665156,0.00318480719416,0.00261795823597
329,0.00783585018407,0.00440424877886,0.00369925854249,-0.00165953144088,0.0037735521444,0.00161209057939
330,0.00841514684074,0.00382495312155,0.00369925945471,-0.000656159985075,0.00407403686828,0.00049066519558
331,0.00846149699552,0.0038160711785,0.00371011803039,0.000498595930432,0.00406710237898,-0.000674814635792
332,0.00797318515263,0.00438447378603,0.00373786282439,0.00151202641716,0.00374448866849,-0.00180542153029
333,0.0071678461727,0.00546998934127,0.00385835361105,0.00211658492114,0.00314319342579,-0.00283918111716
334,0.00613705312692,0.00647403890549,0.00379257389435,0.00213768226482,0.00217516152304,-0.0036471084398
335,0.00609414106753,0.00767168016228,0.004412074237,0.0017403154268,0.000924441104612,-0.00469859661394
336,0.00323719446412,0.00658275446051,0.00486005352914,0.000297461318949,0.000436764875815,-0.00344707622136
337,0.0117479828639,0.0151172931887,0.0185166216418,-0.000261996493673,-0.000316825533024,-0.00419011089676
338,0.0155884769118,0.0180111324933,0.0221609731982,-0.000909889805009,-0.00164001406629,-0.00380431436724
339,0.0156957947342,0.0166727952803,0.0215694695341,-0.00142414584599,-0.00256207101433,-0.00324500232076
340,0.0166858119821,0.0159608240811,0.0216684931928,-0.00146731118237,-0.0032949169976,-0.00249903792196
341,0.017297520758,0.0151586573355,0.0215516351448,-0.00107672329279,-0.00382348753202,-0.00157849030159
342,0.0176952747834,0.0147609034553,0.021551635264,-0.00038779318109,-0.00410048254204,-0.000544731073464
343,0.0177752940211,0.0148713425888,0.0216684933919,0.000419726568015,-0.00410300073259,0.000516771728855
344,0.0171733913362,0.0151951987216,0.0215694694998,0.00113512640896,-0.00384131962368,0.00152921889402
345,0.0169821289126,0.0166174813042,0.0221609738111,0.00150398538909,-0.00332245113309,0.00247462591419
346,0.0128172029411,0.0140480668776,0.0185166184931,0.00158995252967,-0.00236943450095,0.00347032970194
347,0.0102609996365,0.00992767086815,0.0112079357167,0.0022700075191,0.000107394605404,0.00504935906269
348,0.00942075359858,0.0127681441275,0.00899841473564,0.000386969303145,-0.000607402466479,0.00455838897188
349,0.00351095235621,0.00781544735847,0.00409316028267,-0.000801292485646,0.000224269790021,0.00423831333887
350,0.00455623853627,0.00749572219584,0.00451196811094,-0.00178333116582,0.0012986008457,0.00396587287961
351,0.00532442626994,0.00623848108496,0.00437071090631,-0.00228224678561,0.00232334228507,0.0033730523804
352,0.00646393070592,0.00508556622431,0.00440869182544,-0.0022220619152,0.003144973836,0.00256572629448
353,0.00739535568064,0.0040624694187,0.00438879330066,-0.00162373914739,0.00371736175996,0.00158252529979
354,0.00796833391242,0.00348949174811,0.00438879394593,-0.00063131131487,0.0040105918645,0.000488174310657
355,0.00804370187248,0.00350579584354,0.00440869277005,0.000514181552152,0.00400648961687,-0.000649497107859
356,0.00752942454732,0.00403348295315,0.00437071103395,0.00153691996685,0.00369859912572,-0.0017594782727
357,0.00683552048793,0.00521643977217,0.00451196736786,0.00216449925298,0.00310755769949,-0.00278524695734
358,0.00528101582781,0.00604538374388,0.00409315968699,0.0022645472949,0.0023133803436,-0.00355835285967
359,0.00992247670507,0.0122664230062,0.00899841581647,0.00125597706307,0.00175316897912,-0.00425138214627
360,0.00821178097872,0.0119768900265,0.011207933517,-0.0012793396503,0.00261768631603,-0.00431917604913
361,0.0124571706153,0.0142899381169,0.0161200440218,0.000218204212556,-0.000643885807714,-0.00719067069714
362,0.0119420432983,0.0128981329236,0.0157742610289,-0.000246872608581,-0.00260650815171,-0.00653754546074
363,0.0130668863853,0.0134192162175,0.0166288918423,-0.000435980073316,-0.00428617537932,-0.00558831671427
364,0.0133642864081,0.0131335575982,0.0165981267217,-0.000491813021709,-0.00560299713392,-0.00428131040134
365,0.0136370943536,0.0128936074195,0.0165801617689,-0.000375484551317,-0.00652518012617,-0.00269715691854
366,0.0137764017656,0.0127542999782,0.0165801616958,-0.000134196944874,-0.00699955021697,-0.000926783630769
367,0.0137325267397,0.0127653171855,0.0165981267458,0.000145997997953,-0.00699299308714,0.000906224841127
368,0.0135325386264,0.0129535639525,0.0166288919829,0.00037055329577,-0.00650609509415,0.00269653662385
369,0.0123948631207,0.0124453119804,0.0157742604435,0.000537435055012,-0.00552607491996,0.00435842646872
370,0.0127263911598,0.01402071573,0.0161200429914,0.000684509646283,-0.00415295690042,0.00590536056926
371,0.00948583773761,0.00970301924623,0.0105468224356,0.00138674046597,-0.000885199943878,0.00596625899571
372,0.00443195011241,0.00752871358849,0.00553916947601,1.78924932899e-05,-0.000451480239222,0.00420969683602
373,0.00512933915288,0.00924362445993,0.0065973717762,-0.000637243275458,0.000396394964132,0.00411307921659
374,0.00412770670206,0.00717594600723,0.00523084157701,-0.00170002566719,0.00133011948011,0.00377646944117
375,0.00500593142837,0.00598635049839,0.00518245012891,-0.00222012349337,0.00226341839258,0.00322507530368
376,0.00600398333707,0.0047091534247,0.00512526416254,-0.00216269700722,0.00303034763537,0.00245074865394
377,0.00694016731305,0.003728492674,0.00513924586479,-0.00157459155509,0.00357120648284,0.00151467241271
378,0.00750088510436,0.0031677748335,0.00513924616865,-0.000603399102044,0.00385009120432,0.000473858950241
379,0.00755322627401,0.00315991037466,0.00512526461825,0.000520670669045,0.00384973153795,-0.00060723663171
380,0.00717372019055,0.00381856158023,0.00518245014479,0.00153459498269,0.00357271496735,-0.00166128826951
381,0.00636203282698,0.00494161962934,0.00523084105103,0.00216993898004,0.00304015195692,-0.00260545942341
382,0.00670977980422,0.00766318463188,0.00659737160227,0.00210015941037,0.00239982817878,-0.00336383433663
383,0.00519064692709,0.00677001898949,0.00553917104955,0.0013319906258,0.00171385567202,-0.00387144477709
384,0.00833917864526,0.0108496765789,0.0105468203188,-0.000599328388233,0.00221652418141,-0.00560953182968
385,0.0104890361928,0.0118299967832,0.0135910358811,0.000182716400229,-0.000850656300599,-0.00800373847382
386,0.0110470357069,0.011800047839,0.0142607686054,-0.000208218753978,-0.00292890017293,-0.0073699225337
387,0.0114580626227,0.0116933188413,0.0144533980755,-0.000389873403122,-0.00480438509015,-0.00632403581227
388,0.0118139368191,0.0115759044909,0.0145372783176,-0.000433141282679,-0.0063100756045,-0.00484515395575
389,0.012059629482,0.0113848215593,0.0145369322369,-0.0003349708326,-0.00736053435401,-0.00304669085751
390,0.0121810210123,0.0112634304933,0.0145369324621,-0.000124714834401,-0.00789775515318,-0.00104175549902
391,0.012129540416,0.011260301472,0.014537278777,0.000113499583639,-0.00788726279194,0.00104098854512
392,0.011854516949,0.0112968643464,0.0144533981777,0.00029680557441,-0.00732273745932,0.00307458320226
393,0.0114156112567,0.0114314716566,0.0142607681972,0.000430173033104,-0.00622146312628,0.00491809010777
394,0.0106660387254,0.0116529931376,0.0135910351115,0.000489294844609,-0.00473855922395,0.00650611270731
395,0.00828249965043,0.00899367819122,0.0100805489885,0.00109425064727,-0.00145972528393,0.00596444896266
396,0.00477245597032,0.00810489274316,0.00705330154469,0.000124433712214,-0.000445408695046,0.00394601051667
397,0.00398279529124,0.00792817153226,0.00651226188142,-0.000599139194434,0.000441993545836,0.00384354489618
398,0.00401710052307,0.00700438873913,0.00623553098474,-0.00158129808604,0.00130551249696,0.00346981525136
399,0.00466615854709,0.00568030777843,0.00603198835629,-0.00212300484377,0.0021309110492,0.00295686495203
400,0.00562039539184,0.00441370782114,0.0059682569962,-0.00208257618958,0.00281217569203,0.00224986293541
401,0.00650154767367,0.00342692441702,0.00595875348022,-0.00151504615167,0.00330044001417,0.00139431629648
402,0.00704496046562,0.00288351147949,0.00595875374187,-0.000573826953777,0.00355542249462,0.000442707120864
403,0.00712228706304,0.00291181548483,0.00596825719744,0.000518777012125,0.00356034619327,-0.000542350494163
404,0.00675827228388,0.00358819340529,0.00603198818953,0.00150064133293,0.00332385507151,-0.00149526488783
405,0.00613336791308,0.00488812170398,0.00623553082899,0.00208418254865,0.0028655146526,-0.00235219253445
406,0.00548800954111,0.00642295796941,0.00651226161522,0.00200796755096,0.00230455057137,-0.00310761150232
407,0.00549780367052,0.0073795474074,0.00705330297154,0.0013807696297,0.00158727061764,-0.00364004999621
408,0.00751264418842,0.00976353247725,0.0100805476819,-0.000239176423945,0.00171806558006,-0.00589522690884
*Step  = 8
*Time  = 0.8
*Data  = sx;sy;sz;sxy;syz;sxz
265,0.00355618623597,0.00911977346579,0.00446732971879,-0.000300235791708,-0.00126551814554,-0.0036874773949
266,0.00434392618912,0.00818904199308,0.00466887824468,-0.00103343515987,-0.00212975928205,-0.00345045908403
267,0.00540336220286,0.00713175924868,0.00508770977002,-0.00143319442371,-0.00279814428275,-0.00297345141751
268,0.00638318936862,0.00621460099047,0.00529393233831,-0.00138724194917,-0.00336974712628,-0.00229772847793
269,0.00714964346371,0.00549253101638,0.00537280136685,-0.00095507432511,-0.00379486928737,-0.00149326064132
270,0.00756248371353,0.00507968918162,0.00537280095616,-0.000240012701019,-0.00403308309045,-0.000604233324218
271,0.00754242806525,0.00505535968151,0.00529393198918,0.000620620094048,-0.00406715012859,0.000305017682387
272,0.00707664411796,0.0054584760365,0.00508771012341,0.00146501416154,-0.00390998927333,0.00117601249144
273,0.00620018747291,0.00633278103921,0.00466887878846,0.0021817005087,-0.00356965515638,0.00192330602745
274,0.00520709432849,0.00746886429093,0.00446732797912,0.00255922200573,-0.00293970992952,0.00256069066141
275,0.0054888678148,0.00747160390576,0.00351687854633,0.00202925129394,-0.00198796989411,0.00375190550202
276,0.00576574313469,0.00844770031569,0.00316531265242,0.00031800987475,-0.00108240042163,0.00470407676413
277,0.00610086829006,0.00943963512491,0.00366593079906,-0.000971365093205,0.000105192526537,0.00481182120992
278,0.00647789232188,0.0091221389966,0.00325561690362,-0.00198215284085,0.00142357552878,0.00449831128258
279,0.00746488199081,0.00815734702725,0.00303596014193,-0.00262556418884,0.00260120849065,0.00387313226773
280,0.00870518148715,0.00687465967081,0.00291243399839,-0.00263117942846,0.00355840099039,0.00295110303855
281,0.00984259327245,0.0057277473209,0.00286954080355,-0.00196243973297,0.00422904379272,0.00181466426424
282,0.0105134052557,0.00505693715639,0.00286954236796,-0.000800559003877,0.00456979112765,0.000542977045659
283,0.0105262202272,0.00505362415158,0.00291243650267,0.000522950259737,0.00455721666181,-0.00077652967455
284,0.00991180532667,0.00571042506401,0.00303596079867,0.00161262724757,0.00418927839394,-0.00205362710445
285,0.00885554950813,0.00674448059349,0.00325561551943,0.00213606903677,0.0034820081497,-0.00318386465067
286,0.00777678630922,0.00776371603165,0.00366592967817,0.00193141116648,0.00249701031308,-0.00411456357145
287,0.0061608276227,0.00805261623911,0.00316531275426,0.0010023157338,0.00141465262507,-0.00461505044076
288,0.00422716697799,0.00873330339639,0.00351687761098,-0.000156077226775,0.000154321000825,-0.00424323010036
289,0.00312840520845,0.00877674200231,0.00593358703892,-6.48681678014e-05,-0.00146463711991,-0.00314609747276
290,0.00373459133404,0.0073531319306,0.00601892606052,-0.000838774779019,-0.00202108293073,-0.00294227921547
291,0.00518672875298,0.00676898946438,0.00680043147559,-0.00132238452302,-0.00244213100468,-0.00251066395438
292,0.00611440117043,0.00587424519815,0.00687470332356,-0.00133856049746,-0.00289221989427,-0.00194891754611
293,0.00689951664782,0.00520698230914,0.00694062732865,-0.000948462046161,-0.00324240720627,-0.00127036182583
294,0.00729777443444,0.0048087220253,0.00694062641603,-0.000258657296833,-0.00344318758874,-0.000521038157042
295,0.00721358768202,0.00477505430288,0.00687470218842,0.000565289661439,-0.0034791940864,0.000241702260919
296,0.00672751172456,0.00522820424217,0.00680043155827,0.00134633051264,-0.00337027910936,0.000953233380538
297,0.00536562746692,0.00572209587592,0.00601892659355,0.00198626029614,-0.00322144880909,0.00153754740197
298,0.00459666780744,0.0073084811872,0.00593358685273,0.00247823570001,-0.00284146200195,0.00199228231819
299,0.00485448323103,0.0066023925723,0.00416382192748,0.00196863529896,-0.0019441702502,0.00370829195291
300,0.00555959731982,0.00841809278769,0.00391947945569,4.18895658027e-05,-0.00142254276282,0.00489143628812
301,0.00598231739464,0.00978342591784,0.00450158034675,-0.00112016419013,-6.57281559189e-06,0.00489013512135
302,0.00604621856637,0.00900207056704,0.00379285838136,-0.00208729147865,0.00144557159666,0.0046020971833
303,0.00708242569396,0.00791869250268,0.00367014909237,-0.00268902696251,0.00265863002392,0.00394476627624
304,0.00833449835155,0.00655983356983,0.00357919250644,-0.00265388027456,0.00363169986226,0.00300306867046
305,0.00947861962718,0.00539653023683,0.00355798084454,-0.0019609086805,0.0043113202079,0.0018474950884
306,0.0101562946859,0.00471885644141,0.00355798200194,-0.000787140604416,0.00465745992497,0.000555682996684
307,0.010189160535,0.00470517363592,0.00357919443026,0.000558487549651,0.00464667801233,-0.000784883766806
308,0.00962025961156,0.00538085961194,0.00367014965512,0.00170662661599,0.00427482381118,-0.00208695320577
309,0.00859283006078,0.00645545830464,0.00379285723919,0.00232356731485,0.00355295026066,-0.00326274794628
310,0.00790268460234,0.00786305756192,0.0045015792726,0.00220601040388,0.00243937569813,-0.0042382681978
311,0.00623794442126,0.00773974681377,0.00391948043268,0.00121681885372,0.00121376050993,-0.00494737976245
312,0.00358657065304,0.00787030380916,0.00416382072594,-0.000227452018299,0.000170445868059,-0.00418355993058
313,0.00110479748195,0.00575100744085,0.00622128421505,0.000563020958747,-0.00140517130852,-0.00197392331915
314,0.00469662573472,0.00779081544603,0.0094347756098,-0.00073004622889,-0.00138861790375,-0.00188778248938
315,0.00499388916603,0.00637221187463,0.00888937319881,-0.00129578397993,-0.00158153610275,-0.00156578056659
316,0.00618009323042,0.00583306244221,0.00915773857639,-0.00136676356458,-0.00184423132282,-0.00120867205846
317,0.00688605988003,0.0050704847094,0.00910489902764,-0.000993179555874,-0.00204637737444,-0.000790613428619
318,0.00729228369626,0.00466425802919,0.00910489801011,-0.000289577145073,-0.00216752148346,-0.000338497424516
319,0.00727698499011,0.00473616513354,0.00915773673129,0.000533112972719,-0.00220148701409,0.000124625189047
320,0.006460649908,0.00490544734629,0.00888937230886,0.00124472266706,-0.00215254051743,0.000565237822604
321,0.00610241270024,0.00638502988075,0.0094347770681,0.00170484564408,-0.00214646971028,0.00094055888238
322,0.00177876025312,0.00507704625086,0.00622128436832,0.00173035723269,-0.00220387588378,0.00100688223098
323,0.0044795268273,0.00704340795116,0.00574993219563,0.00152476155081,-0.0015634988208,0.00365497103028
324,0.00560846761239,0.0100885082447,0.00507341747692,-0.000187580801141,-0.00178335079636,0.00520162719633
325,0.00498619333796,0.00952618469652,0.00442145700094,-0.0010686299695,6.23543793204e-05,0.00487911354706
326,0.00559841288594,0.00889893591142,0.00447393845086,-0.00209116215139,0.00148895547402,0.00462648470886
327,0.00660981092931,0.00757859653145,0.00434060674945,-0.00269517751399,0.0026798997533,0.00394298002647
328,0.00789588799167,0.00619695980025,0.00430645042639,-0.00263781374604,0.00364898946855,0.0030033737054
329,0.00902589077125,0.00502435003299,0.00429380411673,-0.00193585189797,0.00432446437503,0.00184855912096
330,0.00970200322567,0.00434823874861,0.00429380517792,-0.000764790508627,0.00466937504992,0.000561333642309
331,0.00975557019291,0.00433727938182,0.00430645204441,0.000583249268405,0.00466180364048,-0.000776503068923
332,0.00918610081979,0.0050023072481,0.00434060712639,0.001767084232,0.00429235073169,-0.00207477142403
333,0.00823454429013,0.00626280379231,0.00447393747024,0.00247474938503,0.00360271553097,-0.00326217634699
334,0.00704665099432,0.00746572496063,0.00442145554571,0.00250018894938,0.00249355758506,-0.00419425984215
335,0.00689092818561,0.00880604775616,0.00507341898103,0.00203370268322,0.00105638708146,-0.00539641694606
336,0.00380001266982,0.00772291751301,0.00574993050851,0.000347810837097,0.000473456415006,-0.00394704720269
337,0.0131631758675,0.016997164554,0.0209120360352,-0.000316061935484,-0.000345294492601,-0.00474046272679
338,0.0175551026915,0.0203002969791,0.025082867125,-0.00104073406509,-0.00185177616366,-0.00430510988161
339,0.0176730175832,0.0187775537525,0.0244050773563,-0.00161850127595,-0.00289732612851,-0.00367029504851
340,0.0188007471855,0.0179761354254,0.0245228876729,-0.00166582781217,-0.00372635514598,-0.00282623592111
341,0.0194947384605,0.017066320011,0.0243907107527,-0.00122230310186,-0.00432407878754,-0.00178512147643
342,0.01994617958,0.0166148790852,0.0243907109032,-0.000440384245996,-0.0046373228806,-0.000616078862038
343,0.0200372437517,0.0167396395046,0.0245228879076,0.000475846478952,-0.00464023612344,0.00058441442146
344,0.0193508148311,0.0170997565448,0.0244050773065,0.00128752864301,-0.0043443054164,0.00172990564227
345,0.0191427039075,0.0187126967221,0.025082867837,0.00170907085799,-0.00375624025714,0.00280244651493
346,0.0143953870715,0.0157649460887,0.0209120323636,0.00181819690546,-0.00266926526628,0.00393271388598
347,0.0116556446092,0.0112847177465,0.0127758795884,0.00263979104246,0.000128628300041,0.00577883561066
348,0.0107717773292,0.0147133068661,0.0104075817715,0.000466670489412,-0.000696447525574,0.00524346400129
349,0.00396389896288,0.00899827705264,0.00473032300391,-0.00092968452967,0.000250311900021,0.00486367231999
350,0.00519398589161,0.00863189220743,0.00522720098061,-0.00207758592552,0.00148400827091,0.00454940415369
351,0.00609225491647,0.00716290993442,0.00505968524183,-0.0026603119731,0.00265887269874,0.00386764516536
352,0.00742167899067,0.00581756962888,0.00510268775053,-0.00259022835276,0.00360061968279,0.00294102885534
353,0.00850809385974,0.00462467996836,0.00507887863246,-0.00189247321329,0.00425666957885,0.00181316526231
354,0.00917617078091,0.00395660370887,0.00507887937927,-0.000735329536779,0.00459296602965,0.000558088253865
355,0.0092638554515,0.00397539409382,0.00510268883897,0.00060051435379,0.00458874164316,-0.000746695715493
356,0.00866381744621,0.00459134757589,0.00505968538204,0.00179376230604,0.00423647328995,-0.00202004305236
357,0.00785270576143,0.00597317177567,0.0052272001124,0.00252744996959,0.00355989086077,-0.00319789628608
358,0.00602762398069,0.00693455185453,0.0047303223195,0.00264479198898,0.0026486130179,-0.00408690870429
359,0.0113530120473,0.0141320744736,0.0104075830385,0.00147339606202,0.00201859129985,-0.00488919709862
360,0.00927678415747,0.0136635789203,0.0127758770706,-0.00148051196503,0.00300081360824,-0.0049403044594
361,0.014221339906,0.0163198337398,0.0184645037989,0.000236463739258,-0.000737577149646,-0.00819173325873
362,0.0136056596568,0.0146872255755,0.0180402654258,-0.000281618302734,-0.00296655267172,-0.00744790966849
363,0.0148780899783,0.0152739504467,0.0190091963548,-0.00049032039071,-0.00488091363784,-0.00636608437982
364,0.0152112583936,0.0149528836199,0.0189752254986,-0.00055170469188,-0.00638096270058,-0.00487629466811
365,0.0155173197258,0.0146845086369,0.0189563597724,-0.000420836214378,-0.00743116479211,-0.00307167514863
366,0.0156735718133,0.0145282565527,0.0189563597032,-0.00015019958046,-0.00797141506939,-0.00105543366575
367,0.0156244549701,0.0145396870128,0.0189752255505,0.000163972778391,-0.00796422317059,0.00103251352594
368,0.0154016849943,0.0147503554275,0.0190091965231,0.000416572757525,-0.00741003736136,0.0030727340682
369,0.0141199391381,0.0141729447852,0.0180402647409,0.00060914069915,-0.0062930647065,0.00496680276198
370,0.0145411786249,0.0159999927852,0.0184645025607,0.000790442789372,-0.00473462727264,0.00672546050437
371,0.0108194005262,0.0110747767891,0.0120992071977,0.00161578556407,-0.0010223086954,0.00682511106827
372,0.00503530914378,0.00865440655524,0.00641066912568,3.80313847663e-05,-0.000519978462469,0.00483692631629
373,0.00582613338882,0.0106267608321,0.00760898148685,-0.000739899687336,0.000452331527668,0.00471683941048
374,0.00468708357451,0.00824259701931,0.00603841650966,-0.00197927385796,0.0015203736076,0.00432787389251
375,0.00571635508591,0.00686106253828,0.00598434883412,-0.00258538477032,0.00258846145262,0.00369457313187
376,0.00688116686132,0.00537508070687,0.00591747557983,-0.00251858464113,0.00346642628672,0.00280658203011
377,0.00797171136135,0.00423256491633,0.00593258620854,-0.00183358301608,0.00408569391428,0.00173381250093
378,0.00862485440733,0.00357942181699,0.00593258655148,-0.000702305189039,0.00440522033969,0.000541321875505
379,0.00868580343676,0.00357044400478,0.00591747608968,0.000607137839922,0.00440530327185,-0.000697358025017
380,0.00824154159292,0.00433587584622,0.00598434883952,0.00178836446215,0.00408895933594,-0.00190536384848
381,0.00729006441016,0.00563961588519,0.00603841590188,0.00252921920021,0.00348061908247,-0.00298786275147
382,0.00766706271761,0.00878583249,0.00760898131437,0.00244868249104,0.00275015084218,-0.00385873785393
383,0.00590714888192,0.00778256946517,0.00641067099159,0.00154809824583,0.00196814932706,-0.00444889059594
384,0.00948393089864,0.0124102443682,0.0120992047131,-0.00069731224279,0.00252721064072,-0.00642187393311
385,0.011997514274,0.0135435217637,0.0156309386854,0.000201989343086,-0.000984019021985,-0.00913531540059
386,0.0126098237416,0.0134693396552,0.0163661503958,-0.000237977947018,-0.00334427414363,-0.00841167390245
387,0.0130700146162,0.0133376117984,0.0165808595166,-0.000441786271632,-0.0054823821771,-0.00721830335571
388,0.0134708809563,0.0132033938889,0.0166767568874,-0.000489316333524,-0.00720040447817,-0.00552982350945
389,0.0137571790602,0.0129872501135,0.0166751325278,-0.000382826042533,-0.00839931752107,-0.00347696471662
390,0.0138962342274,0.0128481955176,0.0166751328013,-0.00014197578984,-0.00901250469259,-0.00118851899888
391,0.013827769961,0.0128465056013,0.0166767574424,0.000128832823647,-0.00900064499687,0.00118876532866
392,0.0135195120765,0.0128881141701,0.0165808596449,0.000336766033754,-0.00835703393108,0.00351004308812
393,0.0130307974441,0.0130483652201,0.0163661499216,0.000491170090803,-0.0071020632026,0.00561258628755
394,0.0122090875845,0.0133319471891,0.0156309377602,0.000568446353783,-0.00541984319705,0.00741940571529
395,0.00944058703578,0.0102776792549,0.0115906169582,0.00127130611602,-0.00168620832844,0.00682067985348
396,0.0053940815988,0.00927853809493,0.00811458385645,0.000154591308641,-0.000515433188029,0.00452879530932
397,0.00449854756777,0.00909096709953,0.00750143542957,-0.000697284391342,0.000503960338955,0.0044034347097
398,0.00455081004891,0.00802746771193,0.00718370103444,-0.00184003411699,0.00149172063692,0.0039725197761
399,0.00531297185309,0.00649369628117,0.00694921471585,-0.00247015390564,0.00243484241607,0.00338362157284
400,0.00642631110835,0.00502320934224,0.00687507964904,-0.00242313370387,0.00321361774207,0.00257370756185
401,0.00745251154607,0.00387562187023,0.00686338427986,-0.00176279024179,0.00377195510418,0.00159431505608
402,0.00808491042495,0.00324322281782,0.00686338456607,-0.000667442497171,0.0040637658238,0.000505260742845
403,0.00817403062099,0.00327548904858,0.00687507985082,0.000604005918068,0.00406992736814,-0.000622087122371
404,0.00774736934255,0.00405929804764,0.00694921450659,0.00174634493918,0.00380044557499,-0.00171288132817
405,0.00701349195071,0.0055647862292,0.00718370086532,0.00242545372121,0.00327812789882,-0.00269444347007
406,0.00625051895526,0.00733899654618,0.00750143515892,0.00233721811382,0.00263816038198,-0.00356150704452
407,0.00623131719272,0.00844130527663,0.0081145855381,0.00160472222807,0.00181802014019,-0.00417976873158
408,0.00854887524837,0.0111693896725,0.0115906154301,-0.0002731820369,0.00195004102376,-0.00674998613573
*Step  = 9
*Time  = 0.9
*Data  = sx;sy;sz;sxy;syz;sxz
265,0.003962561598,0.0103192194165,0.00503867088058,-0.000349527627305,-0.001417386156,-0.00414945003944
266,0.00486355530768,0.00925788380641,0.00528006343874,-0.00118563078525,-0.00240232615882,-0.00388495688614
267,0.00607132992204,0.00804315334492,0.00575629061055,-0.00164083368389,-0.00315878336788,-0.00334927753392
268,0.00718914425288,0.00699179069256,0.00599077048052,-0.0015889192505,-0.00380316964749,-0.00258885653545
269,0.00806495623818,0.0061634434969,0.00607997728589,-0.00109471471891,-0.00428205306052,-0.00168363267813
270,0.00853762849408,0.00569076940899,0.00607997679791,-0.000276020805537,-0.00455018256204,-0.000682958245884
271,0.00851584915307,0.00566508276172,0.00599077004451,0.000709003056727,-0.00458806895347,0.000340430714738
272,0.00798528927193,0.00612919248508,0.00575629099803,0.00167424036295,-0.00441022486236,0.00132116794253
273,0.00698892523389,0.00713251427833,0.00528006409203,0.00249561423102,-0.0040229538891,0.00216330879679
274,0.0058544252437,0.00842735454284,0.00503866890578,0.00292727760141,-0.00330221786537,0.0028848368017
275,0.00616894237001,0.00847129688308,0.004015322027,0.0023165427875,-0.00223073876985,0.00423931488416
276,0.00647323560945,0.0095857857072,0.00365072862614,0.000373733655992,-0.00121612790594,0.00532416581037
277,0.00685903497202,0.0107212459805,0.00421326159018,-0.0011075032672,0.000118457071609,0.00544459553226
278,0.00729432160796,0.0103565728727,0.00374354825593,-0.00227575271674,0.00160675346448,0.00508944608272
279,0.00843623119153,0.00924634555535,0.00349392430296,-0.00301986819404,0.00293796185101,0.00438107685743
280,0.0098689639524,0.007769865698,0.00335411547672,-0.00302715653746,0.00402004298154,0.00333721926988
281,0.0111802114197,0.00644993154832,0.00330566534262,-0.00225727911876,0.00477824391872,0.00205129074611
282,0.0119525034407,0.00567764164943,0.00330566716327,-0.000919629756191,0.00516372557777,0.000612652644572
283,0.0119657849607,0.00567304843138,0.0033541183797,0.000604641759331,0.00515006839797,-0.000880095142065
284,0.0112540444152,0.00642853391234,0.00349392505383,0.00186072275132,0.00473488759744,-0.00232514341348
285,0.010030745006,0.00762014805807,0.00374354665284,0.0024638703173,0.00393621228233,-0.00360421352674
286,0.00878371305259,0.00879656664126,0.004213260302,0.00222613825943,0.00282488495283,-0.00465592999687
287,0.00692771006993,0.00913131169071,0.00365072873827,0.0011609059214,0.00160888582803,-0.00521892708509
288,0.0047383441818,0.00990189353536,0.00401532096332,-0.000161324363922,0.00018778179194,-0.00478672340086
289,0.00348743791741,0.00994299204758,0.00670201770538,-8.35569561346e-05,-0.00164784654522,-0.00353613545731
290,0.00413650564633,0.00826468752247,0.00676661497003,-0.000958284583582,-0.00228415834391,-0.00330954148438
291,0.00580911324553,0.00761091348129,0.00767787843274,-0.00151010779355,-0.0027573701043,-0.00282519836941
292,0.00686014218282,0.00658229909372,0.00775726501286,-0.0015297113851,-0.0032635067822,-0.00219434689732
293,0.00775700171353,0.00581977877421,0.00783351055081,-0.0010845970179,-0.00365740142349,-0.00143155532323
294,0.00821198356374,0.00536479405733,0.00783350949474,-0.000296543000624,-0.00388317981759,-0.00058893762885
295,0.00811544814738,0.00532698808519,0.00775726368381,0.00064454610076,-0.00392345254146,0.000268606883247
296,0.00756735408987,0.00585267003541,0.00767787850559,0.00153525543874,-0.00380055132309,0.00106800864438
297,0.00599845073658,0.00640274253741,0.00676661560873,0.00226669617468,-0.00363290993891,0.00172406820296
298,0.00517368995178,0.00825674206923,0.00670201751757,0.00283711547198,-0.00319514506297,0.00223846049439
299,0.00541975252337,0.00744118296757,0.00471806814322,0.00224280191388,-0.00218999709113,0.00418241088685
300,0.00625611674885,0.00958308500541,0.00452681821281,6.20469864604e-05,-0.00160715159174,0.00553216409087
301,0.00670811468172,0.0111044199738,0.00514193659324,-0.00127656962276,-1.31283054016e-05,0.00553264125948
302,0.00680486188286,0.010223390545,0.00434878841579,-0.00239670661922,0.00162819430001,0.00520453496352
303,0.00800006654906,0.00897185807912,0.00420575515057,-0.00309174154544,0.00299984142218,0.00445996249525
304,0.00944538040594,0.00740976403303,0.00410360842066,-0.00305143832756,0.00409970691018,0.0033942228249
305,0.0107622248935,0.00607169292738,0.00407917611954,-0.00225414360731,0.00486788743213,0.00208720132776
306,0.0115417383074,0.00529218099874,0.00407917746809,-0.000903986257822,0.00525931433353,0.0006263750101
307,0.0115791001596,0.00527604690434,0.00410361064889,0.000644271187477,0.00524756098472,-0.000889629669709
308,0.0109205429407,0.00605138287109,0.00420575579225,0.00196666767696,0.00482791958689,-0.00236252059198
309,0.00973510406976,0.00729314745995,0.00434878709545,0.00267861978541,0.00401232503745,-0.00369316312653
310,0.00891273204958,0.00889980124403,0.00514193535474,0.00254194089048,0.00275495160143,-0.00479797266235
311,0.00703412528655,0.00880507772726,0.00452681933651,0.00140959462497,0.00137424856026,-0.00559457077502
312,0.00398278474232,0.00887814922051,0.00471806678001,-0.00024609741377,0.000194613167091,-0.00471707236438
313,0.00102142537871,0.00632337262465,0.00684970076328,0.000633011527281,-0.00159906422878,-0.00221243968901
314,0.00522984702173,0.00874681764099,0.0106354892139,-0.000834310113602,-0.00157075956246,-0.0021214490345
315,0.00553893644893,0.00710333592301,0.00999168359924,-0.00147774721903,-0.0017854284224,-0.00176008803055
316,0.00689652153921,0.00649678429621,0.0103072983627,-0.00155895902773,-0.00208064449504,-0.00135975124944
317,0.00769793296861,0.00562423926117,0.0102455654934,-0.00113337319498,-0.00230764511385,-0.000890378259145
318,0.00816103824511,0.00516113072052,0.0102455643275,-0.00033124889997,-0.00244366838826,-0.000382732423379
319,0.00814668248382,0.00524661703002,0.0103072962482,0.000606388127394,-0.00248176638473,0.000137257040363
320,0.00720980092125,0.00543246713265,0.0099916825748,0.00141627780711,-0.00242627014148,0.000631566882432
321,0.00683162453354,0.00714504174175,0.0106354908932,0.00194004696333,-0.00242104229678,0.00105184925431
322,0.00179870892825,0.00554609080823,0.00684970092385,0.00197930450208,-0.00249105029397,0.00111649703409
323,0.00517868058508,0.00813396430168,0.00669239920799,0.00175980005943,-0.00178824436484,0.00410416028655
324,0.00621627998372,0.0114124570188,0.00574261965053,-0.000180285147297,-0.00202111822106,0.00587779706286
325,0.00560241344268,0.0108456625079,0.00507276953397,-0.00121854716168,6.28843131747e-05,0.00551944194333
326,0.00628587069028,0.0100932676629,0.00510572055774,-0.00240108701049,0.00167567154241,0.00522844166434
327,0.00746205124716,0.00858244985085,0.00496081926647,-0.00309640469721,0.00302149604661,0.00445503126828
328,0.00894022197664,0.00699227699299,0.00491965336658,-0.00303031138343,0.00411616745321,0.00339226337546
329,0.0102396072284,0.0056452191787,0.00490517028243,-0.00222340247443,0.00487921000407,0.00208695761821
330,0.0110165340567,0.00486829370109,0.00490517150083,-0.000877725406313,0.00526899802602,0.000632247404186
331,0.0110775629754,0.00485493806398,0.00491965522595,0.000671670629835,0.00526083635829,-0.000879702392326
332,0.0104237175204,0.00562078428889,0.00496081969823,0.00203334802578,0.00484420733392,-0.00234742273629
333,0.00931712354023,0.00706201396383,0.00510571942073,0.00284919466975,0.0040653948467,-0.00369012846097
334,0.00796851746786,0.00847955604937,0.00507276785991,0.00287966708165,0.00281418076636,-0.00474853565353
335,0.00767145650396,0.0099572805015,0.00574262137957,0.00234015066165,0.00118855948447,-0.00610088097567
336,0.00439346746612,0.0089191721474,0.00669239728613,0.000399773652444,0.000503415788874,-0.00444842929149
337,0.0145211429574,0.0188153186809,0.023251608369,-0.000374228683689,-0.000369010676792,-0.00527991956421
338,0.0194596600556,0.0225212333828,0.0279442715735,-0.00117171250313,-0.00205777920665,-0.004796156174
339,0.0195881534237,0.0208172323443,0.027180961978,-0.00181045793713,-0.00322534659249,-0.00408681290453
340,0.0208521093919,0.0199291183403,0.027318437571,-0.00186147926087,-0.00414876878664,-0.00314649567431
341,0.0216270116772,0.0189133440619,0.0271713476027,-0.00136575730003,-0.00481413518462,-0.00198734826001
342,0.0221313755284,0.0184089804624,0.0271713477894,-0.00049217362152,-0.00516283756823,-0.000685973538671
343,0.0222334503115,0.0185477781731,0.0273184378447,0.000531072713962,-0.00516618693908,0.000650560670205
344,0.0214633257041,0.0189420600975,0.0271809619091,0.00143743554112,-0.00483663838278,0.00192661045459
345,0.0212397867798,0.0207411077773,0.0279442723877,0.00191155620309,-0.00418016728207,0.00312470356946
346,0.015918774274,0.0174176790351,0.0232516041498,0.00204654713539,-0.00295953250924,0.00438803911735
347,0.0130325438069,0.0126263162887,0.0143330542786,0.00302152224726,0.000151681501396,0.00651107877085
348,0.0121247294134,0.0166939361714,0.0118464386087,0.000553474972434,-0.000786071168918,0.00593698006573
349,0.00440684795084,0.0102046453087,0.005381176756,-0.00106209653069,0.000274838551965,0.00549468040899
350,0.00583171813003,0.00979021614791,0.00596089917488,-0.00238311013356,0.00166961165056,0.00513791771228
351,0.00686578659147,0.00810010364569,0.00576542974983,-0.00305294663524,0.00299575773612,0.00436615509684
352,0.00839255825917,0.00655457055731,0.0058133191725,-0.00297241176407,0.00405853420554,0.00331912899298
353,0.00963992238378,0.00518544899354,0.00578533070753,-0.00217131540228,0.00479889653402,0.00204532630808
354,0.0104067189196,0.00441865322648,0.0057853315604,-0.000843184247296,0.00517862877804,0.000628144475508
355,0.0105072457023,0.00443988418851,0.0058133204098,0.000690333749,0.00517435718223,-0.00084518275674
356,0.00981829637316,0.00514759406193,0.00576542990107,0.0020609472392,0.00477747916061,-0.00228332287412
357,0.00888517781559,0.00673675580294,0.00596089817351,0.00290563489265,0.00401488486336,-0.0036147624323
358,0.00677609994242,0.00783539309489,0.00538117597956,0.00304156826127,0.00298535782223,-0.00462111455841
359,0.0127877086691,0.0160309596111,0.0118464400766,0.00170178588029,0.00228773307629,-0.00553461149556
360,0.0103142689133,0.0153445921633,0.0143330514361,-0.00168666331529,0.00338689996065,-0.00556291907847
361,0.0159805278682,0.0183445606822,0.0208161967095,0.000251768619764,-0.000831600848047,-0.00918761356468
362,0.0152610730648,0.0164649001838,0.0203094438765,-0.000316626011666,-0.0033238422624,-0.0083536316054
363,0.0166762284645,0.0171145543531,0.0213889134802,-0.000543206627614,-0.0054721447909,-0.00713970812508
364,0.0170419512381,0.016757831229,0.0213515456923,-0.000608947955969,-0.00715450763944,-0.00546773678892
365,0.0173801071605,0.0164624764185,0.0213326184764,-0.000464025303835,-0.00833182739165,-0.00344391704895
366,0.0175525572136,0.0162900264147,0.0213326184161,-0.000165332991361,-0.0089375327125,-0.00118339403014
367,0.0174982856655,0.0163014968424,0.0213515457804,0.000181446396336,-0.00892985380581,0.00115794493598
368,0.0172562406866,0.0165345421533,0.0213889136773,0.000461403924764,-0.00830887042561,0.00344709632671
369,0.0158362353402,0.0158897363979,0.0203094430824,0.000679585174495,-0.0070553475178,0.00557253619753
370,0.0163534967172,0.0179715891924,0.0208161952529,0.000897772134679,-0.00531399434524,0.00754090629651
371,0.0121501851644,0.01244600975,0.0136638422745,0.00185226405501,-0.00116225241797,0.00768622482768
372,0.00563319144936,0.00979558538358,0.00730289801321,6.25757564076e-05,-0.000589696340234,0.00547070369956
373,0.00651494292106,0.0120291654075,0.00863738633259,-0.000845796013705,0.000507891274105,0.00532519990264
374,0.00524165120831,0.00932380976298,0.0068617805652,-0.0022684107357,0.00171081160446,0.00488286587576
375,0.00642911285947,0.00774444546929,0.00680263289523,-0.00296348697218,0.00291429924138,0.00416686168899
376,0.00776699281033,0.00604261464069,0.00672564935294,-0.00288684666468,0.00390386788212,0.00316434492379
377,0.00901719991447,0.0047325175971,0.00674162470056,-0.00210150632016,0.00460197735616,0.00195395863106
378,0.0097659874004,0.00398373005397,0.00674162508211,-0.000804567316338,0.0049624078816,0.000608811554898
379,0.00983598061136,0.00397362669881,0.00672564991461,0.000696745625057,0.004963020101,-0.000788468956269
380,0.00932440187531,0.00484915623621,0.0068026328861,0.00205129830241,0.00460728731841,-0.0021514589103
381,0.0082266933585,0.00633876726583,0.00686177987221,0.00290183164277,0.00392303920798,-0.0033732810479
382,0.00862598000843,0.00991812948739,0.00863738616841,0.00281062639018,0.003102447326,-0.00435781376385
383,0.00661959951572,0.0088091804344,0.00730290019285,0.00177108018878,0.00222466069058,-0.00503261689443
384,0.0106200308714,0.0139761616963,0.0136638394082,-0.000798036980889,0.00283657279727,-0.00723759220479
385,0.0135005219583,0.0152833642517,0.0176851278751,0.000215823787715,-0.00112055221628,-0.010265794205
386,0.0141735703109,0.015139273481,0.0184918050458,-0.000267981392057,-0.00376000169794,-0.00945172932899
387,0.0146775383524,0.0149785474447,0.0187247881023,-0.000493122388727,-0.00615934413224,-0.00811138410945
388,0.0151289115128,0.0148294953218,0.0188284110068,-0.000553357720281,-0.00808952234684,-0.00621358500791
389,0.0154502709233,0.0145845236841,0.0188286366296,-0.000431344026846,-0.00943637289591,-0.00390642104217
390,0.0156073894047,0.0144274059037,0.0188286369593,-0.000159207274302,-0.0101253491532,-0.00133512661224
391,0.0155332797917,0.0144251279291,0.0188284116707,0.000147027790346,-0.0101125244133,0.00133636121651
392,0.0151798472039,0.0144762384198,0.0187247882541,0.00037690184567,-0.00938984055627,0.00394499275298
393,0.0146470745551,0.0146657683764,0.0184918044898,0.000552152214316,-0.00798212151774,0.00630543695047
394,0.0137593228925,0.0150245618608,0.0176851268158,0.000664081641084,-0.006103323819,0.00833016248463
395,0.0105986603071,0.0115680257237,0.0131229937145,0.00145349896666,-0.00191690747992,0.00767863383423
396,0.00600362813233,0.0104600239502,0.00919142825862,0.000188131289413,-0.000587311087543,0.00511640139268
397,0.00500252969549,0.0102638760153,0.00850567976184,-0.000798676779205,0.000565259684619,0.00496631206194
398,0.00507681222982,0.00905882833313,0.00814699319792,-0.00210722845776,0.0016777763424,0.00447735740049
399,0.00595772731656,0.00731041917282,0.00788146301416,-0.00282841803497,0.00273882120605,0.00381184276633
400,0.00723597606146,0.00563036444067,0.00779669869899,-0.00277449552893,0.00361532421072,0.00289847584007
401,0.00841196741479,0.00431702086238,0.00778258648311,-0.00201836266379,0.00424392152788,0.00179471571547
402,0.00913618429825,0.00359280377434,0.00778258679026,-0.000763981336534,0.004572700964,0.000567691982246
403,0.00923735630024,0.00362898329643,0.00779669889285,0.000691997480339,0.00458019935393,-0.000702491446052
404,0.00874538254747,0.00452276308337,0.0078814627562,0.00199994097915,0.00427780942872,-0.00193174241818
405,0.00789723101169,0.00623841003926,0.00814699301751,0.00277787748773,0.00369167568214,-0.00303861794951
406,0.00700954125048,0.00825686545637,0.00850567949506,0.00267756810888,0.00297268594079,-0.0040183236037
407,0.00695480230001,0.00950885299871,0.00919143021333,0.00183560906899,0.00204957522089,-0.00472458953371
408,0.00958223297896,0.0125844515134,0.013122991973,-0.000307002597751,0.00217922676781,-0.0076083456581
*Step  = 10
*Time  = 1
*Data  = sx;sy;sz;sxy;syz;sxz
265,0.0043613043014,0.011536143088,0.00561246849124,-0.00040225811907,-0.00156788751962,-0.00461253753481
266,0.0053803718836,0.010340470907,0.00589847312568,-0.00134387379542,-0.00267654986333,-0.00432046497996
267,0.00674023477265,0.00896193252587,0.00643347699551,-0.00185546811281,-0.00352212696824,-0.00372615224375
268,0.00799946559137,0.00777142138272,0.00669664302387,-0.00179750143999,-0.0042395313679,-0.0028809002304
269,0.00898778065817,0.0068327536616,0.00679620688665,-0.00123931343419,-0.00477226268764,-0.00187486459237
270,0.00952230045694,0.00629823176836,0.00679620631367,-0.000313496204904,-0.0050703324344,-0.000762451422794
271,0.00949913512281,0.00627174837326,0.0066966424881,0.000800004711555,-0.00511199101097,0.000375167112157
272,0.00890254153301,0.00679962402669,0.00643347741432,0.0018897561868,-0.00491332692156,0.00146587924692
273,0.00778422710935,0.00793661615654,0.0058984739016,0.00281972138635,-0.0044781926212,0.0024033580952
274,0.0065033790552,0.00939406695611,0.00561246627328,0.0033079256446,-0.00366409967893,0.00321063176005
275,0.00684962541869,0.0094907423441,0.00452718786865,0.00261223877079,-0.0024728645917,0.00473082138334
276,0.007179982651,0.0107471965732,0.00415677698524,0.000433674157821,-0.00134917384856,0.00595115564118
277,0.00761778449316,0.0120314821455,0.00478079413306,-0.00124713608545,0.000132139907364,0.00608471892978
278,0.00811412154461,0.0116181536606,0.0042492533888,-0.00258152484233,0.00179151273958,0.00568744262848
279,0.00941980029847,0.0103560208413,0.00396908074671,-0.0034320520687,0.00327781532328,0.00489475904587
280,0.011055436366,0.00867691546092,0.00381294043904,-0.00344131800537,0.0044860626545,0.00372755408548
281,0.0125492421438,0.00717605619363,0.00375895921177,-0.00256555717517,0.00533274382464,0.00229036848331
282,0.0134277843986,0.00629751638919,0.00375896130981,-0.00104387695165,0.00576347539811,0.00068285528872
283,0.0134410762127,0.006291279915,0.00381294377027,0.000690728885947,0.00574882060842,-0.000985125170585
284,0.0126261020587,0.00714972088101,0.00396908159577,0.00212142010566,0.00528605037369,-0.00260007857816
285,0.0112257967008,0.00850647687273,0.004249251551,0.00280805315216,0.00439521676662,-0.00402971418385
286,0.00980125969395,0.00984800548748,0.00478079266824,0.00253475542346,0.00315679638257,-0.00520345176363
287,0.00769621301766,0.0102309666797,0.00415677710678,0.00132781075297,0.00180715965976,-0.00582843921408
288,0.00524763736951,0.0110927286612,0.00452718667287,-0.000162484166518,0.000223848050335,-0.0053334433808
289,0.00384102054523,0.0111286356681,0.00747724305558,-0.000105230078421,-0.00183107277833,-0.00392591854102
290,0.00452619530021,0.00917670348721,0.00751475483771,-0.00108119770002,-0.00254988575469,-0.0036765511234
291,0.00642790322155,0.00845414060226,0.00856313842922,-0.00170282997809,-0.0030749947559,-0.00313967323369
292,0.0076035804152,0.00728642175363,0.008646430387,-0.00172625591351,-0.00363694377177,-0.00243996623788
293,0.00861520983939,0.00642582151901,0.00873341587871,-0.00122473398537,-0.00407440684426,-0.00159316586637
294,0.00912851238101,0.00591251572419,0.00873341467073,-0.000335665244126,-0.00432512231928,-0.000657481531984
295,0.00901926973215,0.00587072669892,0.00864642884899,0.000725794217364,-0.00436966802744,0.00029460099057
296,0.00840915552083,0.00647288532939,0.00856313848612,0.00172880054851,-0.00423285970532,0.00118153956138
297,0.00662516796633,0.00707773095974,0.00751475559405,0.00255432648018,-0.00404654145073,0.00190904422455
298,0.00575405744397,0.00921560111135,0.00747724287072,0.00320824503377,-0.00354871523297,0.00248440952078
299,0.00597769910725,0.00828644284008,0.00528023402552,0.00252343972593,-0.00243706744389,0.0046585959803
300,0.00695555520122,0.0107781127773,0.00516095631022,8.61282203255e-05,-0.00179303697201,0.00617921471448
301,0.00743079877403,0.0124541059104,0.00580001052138,-0.00143716349225,-2.08236219191e-05,0.00618274284762
302,0.00756662789857,0.0114727910055,0.00492266688417,-0.00271918975359,0.00181150824314,0.0058137333596
303,0.0089293341927,0.0100447397653,0.00475840980084,-0.00351236975552,0.00334352252056,0.00498078597351
304,0.0105778964362,0.00827065735007,0.00464523367704,-0.00346662515512,0.00457156580352,0.00378947160321
305,0.0120754594637,0.00675011688886,0.00461749829772,-0.00256025560965,0.00542927866095,0.00232923678724
306,0.0129613711046,0.00586420697583,0.00461749985405,-0.00102581105213,0.00586651105995,0.000697461868086
307,0.0130032729502,0.00584528386683,0.0046452362328,0.000734248477533,0.00585382706147,-0.000995995698331
308,0.0122499890575,0.00672408624994,0.00475841052491,0.00223916832111,0.00538596781154,-0.00264172648336
309,0.0108980574452,0.00814136041883,0.00492266537261,0.00305101329543,0.00447567875159,-0.00412908755884
310,0.00993124485104,0.00995365823629,0.00580000910775,0.00289373759882,0.00307333811362,-0.00536482489583
311,0.00783660618745,0.00989706318414,0.00516095758958,0.00161215028166,0.00153679249989,-0.00624787578837
312,0.00436951994397,0.00989462028056,0.00528023249618,-0.000262006225796,0.000218736641282,-0.005252995901
313,0.000888805107844,0.00686252825813,0.00744366155297,0.000702221925785,-0.00179697695682,-0.00244863807577
314,0.00575352714063,0.0097005025888,0.0118428472697,-0.00094134219517,-0.00175479340358,-0.00235393140132
315,0.00606829598281,0.00782169702002,0.0110935593594,-0.0016638701844,-0.00199044913653,-0.00195338773656
316,0.00760214718532,0.00714781677941,0.0114594299727,-0.00175567444124,-0.00231786276291,-0.00151025833922
317,0.00850044635478,0.00616204797385,0.0113882521645,-0.00127698030836,-0.00256943537479,-0.000990010235771
318,0.0090217427074,0.00564074794478,0.0113882508443,-0.000374065796967,-0.00272020138123,-0.000427343738023
319,0.00900902001793,0.00574093682956,0.0114594275778,0.000681106287695,-0.00276245693459,0.000148990890399
320,0.00794759780605,0.00594239033057,0.0110935581939,0.00159117928186,-0.00270047310215,0.000696459002267
321,0.00755549851529,0.00789853305033,0.0118428491806,0.00217976042778,-0.00269666147195,0.00116116800832
322,0.00177409473308,0.00597724051072,0.00744366171939,0.00223558678295,-0.00278054697046,0.00122209450323
323,0.0059150963051,0.00927750072397,0.00768830911571,0.00200530627375,-0.00201944184959,0.00455109321539
324,0.00680539488686,0.0127598289062,0.00641974020011,-0.00016458846954,-0.00226191529411,0.00655995447293
325,0.00621920994128,0.0122024522412,0.00574658906565,-0.00137297489069,6.18000864322e-05,0.00616728640447
326,0.00697367469339,0.0113128374765,0.00575371474338,-0.00272404325509,0.00186272826444,0.00583653699518
327,0.00832478264787,0.00960455665633,0.0055986060055,-0.0035145961857,0.00336507761535,0.00497219322388
328,0.0100033525521,0.00779662057418,0.00554986152168,-0.00343919662772,0.00458660274845,0.00378483724588
329,0.0114793878484,0.00626794455779,0.00553350424041,-0.00252281032194,0.00543811170083,0.00232742234351
330,0.0123613457684,0.00538598818053,0.0055335056257,-0.000995213996413,0.00587325337243,0.000703449800949
331,0.0124301018821,0.00536987362095,0.00554986363759,0.000764055170153,0.00586453208456,-0.00098446367102
332,0.011688457435,0.00624088269279,0.00559860649527,0.00231145518222,0.00540033858714,-0.0026235074249
333,0.0104175574714,0.00786895370012,0.00575371343772,0.00324093414319,0.004531438362,-0.00412322624634
334,0.00890405044041,0.00951760892186,0.0057465871576,0.00327730743667,0.00313716407708,-0.00531012765535
335,0.008436541997,0.0111286816867,0.00641974216925,0.00266063684756,0.00132110191439,-0.00681204519466
336,0.00501904844997,0.0101735425971,0.0076883069541,0.000453308745575,0.000526659459932,-0.00495108331557
337,0.0158243496053,0.0205740949206,0.0255371416465,-0.000436484685078,-0.000387794652787,-0.00580884552473
338,0.0213034542689,0.0246751979085,0.0307456311348,-0.00130285993978,-0.00225810418572,-0.00527774446581
339,0.0214415856313,0.0227927623439,0.0298969617894,-0.00200004954884,-0.00354649329187,-0.00449473462427
340,0.0228407029729,0.0218216918549,0.0300559898384,-0.00205453011489,-0.00456263626621,-0.00345978068226
341,0.0236951893122,0.0207012516001,0.0298947601531,-0.00150727305535,-0.00529407351258,-0.00218514658132
342,0.024252041927,0.0201443993043,0.02989476038,-0.000542776216042,-0.00567737551967,-0.000754644344431
343,0.0243652258786,0.0202971698224,0.0300559901567,0.000586020226793,-0.00568124919048,0.000714939692923
344,0.0235114735097,0.0207228744837,0.0298969616959,0.00158510121508,-0.00531872042608,0.002119307679
345,0.0232747006841,0.0227039527792,0.030745632055,0.00211143759073,-0.00459444795716,0.00344160878925
346,0.0173897880489,0.0190086470329,0.0255371368565,0.00227494258034,-0.00324026289445,0.00483671044606
347,0.0143930138129,0.0139542271303,0.0158798916396,0.00341568980276,0.000176796570924,0.00724643804158
348,0.0134793687799,0.0187121063697,0.0133139993499,0.000647966747987,-0.00087619466246,0.00663904815021
349,0.00484056698568,0.0114374411672,0.00604592376917,-0.00119869549995,0.000297930520975,0.00613159235556
350,0.00647058484361,0.0109729888681,0.00671331426837,-0.002700487315,0.00185553854495,0.00573167526494
351,0.00764650472647,0.00905183254037,0.00648817840296,-0.00346084714987,0.0033341882568,0.00486884414726
352,0.00937837162126,0.00729796881609,0.00654081346976,-0.00336923936291,0.00451898811247,0.00370024704493
353,0.0107928992423,0.00574592063563,0.00650838317065,-0.00246070654232,0.00534437718622,0.00227915097646
354,0.0116621896239,0.00487663113696,0.0065083841351,-0.000955050739385,0.00576794111724,0.000698386813635
355,0.011776118091,0.00490022357835,0.00654081486237,0.000783778708731,0.00576368084268,-0.00094501369544
356,0.0109950195632,0.00570331792894,0.00648817856397,0.00233894718114,0.0053219130128,-0.00254944918344
357,0.00993487790488,0.00750869504076,0.00671331312477,0.00329984169632,0.00447278103218,-0.00403600826369
358,0.00752788635641,0.00875012152498,0.00604592289583,0.00345587820032,0.00332381208487,-0.00516115065463
359,0.0142263985963,0.0179650796586,0.0133140010382,0.00194185711561,0.00256071798835,-0.00618768208589
360,0.0113252396444,0.0170220025942,0.0158798884668,-0.00189784575826,0.00377633001705,-0.0061872014008
361,0.0177349442994,0.0203775670989,0.0231739691173,0.000262458581061,-0.000926007047815,-0.0101790797304
362,0.0169087877697,0.0182320623172,0.0225814346982,-0.000351723228969,-0.00367880114148,-0.00925499527579
363,0.0184606151873,0.0189403147416,0.0237670260381,-0.000594445427706,-0.0060602334342,-0.00790955064947
364,0.018858950492,0.0185514080894,0.0237292300267,-0.000663823093321,-0.00792384250109,-0.00605614534746
365,0.0192294367898,0.0182270257938,0.023706517877,-0.000507767274026,-0.00922752637931,-0.00381425002613
366,0.0194185734859,0.0180378892123,0.0237065178262,-0.000180172894454,-0.00989839728067,-0.0013105257682
367,0.0193569526394,0.0180534060845,0.0237292301624,0.000198741770879,-0.00989032162737,0.00128285424322
368,0.0190953449676,0.0183055850232,0.0237670262688,0.000504938627641,-0.00920309138555,0.00381975520928
369,0.0175442069179,0.017596641451,0.022581433792,0.000748856003523,-0.00781343273759,0.00617566062261
370,0.0181683026637,0.0199442056951,0.0231739674124,0.00101306022823,-0.00589148560316,0.00835233808169
371,0.0134795612393,0.0138179731539,0.0152408937915,0.00209648859916,-0.0013048959733,0.00854997747894
372,0.00622665175278,0.0109535139039,0.00821640968909,9.16963553045e-05,-0.000660635105402,0.00611113700243
373,0.00719599828775,0.0134520889129,0.00968226794438,-0.000955035295095,0.000563055072125,0.00593838249265
374,0.00579247033924,0.0104212522231,0.00770120911485,-0.00256776868556,0.00190152159877,0.00544168114747
375,0.00714555748904,0.00863800930897,0.00763766410565,-0.00335481842836,0.00324110579848,0.00464217174807
376,0.00866297398069,0.00671304602626,0.00755013202605,-0.00326782564955,0.00434292015599,0.00352423330739
377,0.0100782601685,0.00522948429183,0.00756669075352,-0.00237859885622,0.00512036098662,0.00217523930749
378,0.010925993459,0.00438175094065,0.00756669117362,-0.000910280532901,0.00552198150797,0.000676368789765
379,0.01100551177,0.00437050808076,0.00755013263767,0.000789569182595,0.00552319455546,-0.000880615275413
380,0.0104240293999,0.00535953714468,0.00763766407799,0.00232365877039,0.00512796502358,-0.00239968629095
381,0.00917342007446,0.0070403020888,0.00770120833322,0.00328820544653,0.00436760653261,-0.00376187442046
382,0.00958710649849,0.011060982069,0.00968226779698,0.00318648438235,0.00345681196227,-0.00486126371644
383,0.00732895795963,0.00985121132326,0.00821641220768,0.00200094162437,0.00248344270454,-0.00562271783372
384,0.0117485487253,0.0155489829942,0.0152408905151,-0.000901708544612,0.00314491628904,-0.00805694574554
385,0.0149987801828,0.0170271801436,0.0197540974398,0.000227369845638,-0.00126025585795,-0.0113954122168
386,0.0157387876231,0.0168113810075,0.0206379700528,-0.000298007427575,-0.00417635256288,-0.0104905250893
387,0.0162835138455,0.0166222155655,0.0208835339368,-0.000549720027562,-0.00683585535336,-0.00900380670295
388,0.0167841575026,0.0164527401171,0.0209970358248,-0.00061759047113,-0.00897723567846,-0.00689709819885
389,0.0171459817876,0.0161746075859,0.0209929083129,-0.000484361695365,-0.0104720253819,-0.00433593306712
390,0.0173226082647,0.015997981961,0.0209929087145,-0.000178436179522,-0.0112370065255,-0.0014809845491
391,0.0172361527839,0.0160007459211,0.0209970366055,0.000165287232943,-0.0112230633118,0.00148444433302
392,0.0168442608707,0.0160614683526,0.0208835341262,0.000421522002583,-0.0104219277525,0.00437959780424
393,0.0162650177254,0.0162851499266,0.0206379694203,0.000613450021044,-0.00886208980177,0.00699688505636
394,0.0153089712127,0.016716987369,0.0197540962061,0.000764638228356,-0.00678911973212,0.00923858856139
395,0.0117572166225,0.0128650511568,0.0146775149557,0.00164110923867,-0.00215196090833,0.00853858228179
396,0.00660205843832,0.0116502047632,0.010284416089,0.000225141722294,-0.00066119276647,0.00570884878387
397,0.00549547276043,0.0114478849401,0.00952526749374,-0.000903359858427,0.000625776481305,0.00553231555675
398,0.0055959936452,0.0100994896105,0.00912567506508,-0.00238298938118,0.00186368573849,0.00498450030267
399,0.00660153373786,0.00813160017429,0.00882913156093,-0.00319790182364,0.00304295322859,0.0042416999032
400,0.00805058005863,0.00623629655847,0.00873354496067,-0.00313674503592,0.00401747214711,0.00322431157143
401,0.00938113134012,0.00475221699247,0.00871678670868,-0.00228181889873,0.00471656240645,0.00199561249565
402,0.010200016078,0.00393333201532,0.00871678703306,-0.000863467892292,0.00508246825406,0.000630030802135
403,0.0103135095173,0.00397336606007,0.0087335451378,0.000782764647126,0.0050913873799,-0.000783599476387
404,0.00975351500789,0.00497961792341,0.00882913124796,0.00226148820881,0.00475612395126,-0.00215194366495
405,0.00878559855026,0.00690988526752,0.00912567487639,0.00314156532723,0.00410624939591,-0.00338486202142
406,0.00776590908023,0.0091774497948,0.00952526724134,0.00302914995249,0.00330809686906,-0.00447823876554
407,0.00766911848678,0.0105831483947,0.0102844183351,0.00207333917202,0.0022818156409,-0.00527460492436
408,0.0106129310848,0.0140093349517,0.0146775129762,-0.00034084896953,0.00240563883883,-0.00847060958124
